4.730647550334761142e-01 -3.493407050314629725e-01 -2.323364796448701974e-01 5.548156354719261385e-01 1.755414910926422323e+00 -1.382555694525535950e+00 -3.606850737217535685e-01 7.994125128867644037e-01 9.710202604841192686e-01 2.234001963256573853e-01
-6.476303916790467907e-01 1.587450136617458429e-01 -4.035179468397240843e-01 -3.570217731528209093e-01 3.490693248461600867e-02 -1.528244217863903576e-01 6.749502680788220799e-01 -6.598902820951765280e-01 -3.335970852372470707e-01 -4.508039258283306761e-01
2.934684592532586511e-01 -5.452402058244377736e-01 1.111655009166957697e+00 4.661397617162331142e-01 -2.187858280792140064e+00 -8.824583345767033071e-01 4.280573590011869101e-01 -1.709201906399686832e+00 -1.551104515121112526e-01 7.844665749901794105e-02
-2.909887244053809052e+00 -1.159154925037141348e+00 3.624778450177051692e+00 -1.311829908769287512e+00 7.367605325032848818e-01 -1.747022920447528049e+00 4.966701234715651947e-01 8.074833090051346529e-01 -7.972613152065551878e-01 8.812547983116718608e-01
1.560103456540655298e+00 -8.538901637192642946e-01 6.357034637967164947e-01 9.432773509756940955e-01 2.344763629142636030e-01 1.750024654731656693e+00 -1.490434887403261355e+00 1.802955585000975969e-01 7.840271583373659148e-01 8.223110996072930945e-01
-1.931788941397196702e+00 7.100307487353983982e-01 -6.059194335563246270e+00 1.382835822601797160e+00 1.272769565593439456e+00 1.144369885369510564e+00 -2.076369359285746841e-01 6.906403321047044352e-01 8.032879315914120966e-01 1.307522710575615310e+00
1.495097310982045125e+00 -4.122597940629227353e-01 1.712991294312743884e+00 -2.183176323879419289e+00 6.567767205876047232e-01 1.962114165748835459e+00 -5.312841509385398675e-01 7.103636079979062101e-01 -6.988432518571032759e-01 -2.606946247251791804e-01
-4.115132071831019145e-01 -7.884037717708906046e-01 1.951373460744420640e+00 2.261592318086997483e-02 8.352198452320114264e-01 -3.000082216924906398e-01 6.104955740627070471e-01 1.337146435134749581e-02 5.859543388623128513e-01 7.982135878138735263e-01
1.029595652930160643e+00 -4.351045313661712211e-01 -2.193582850650470650e-01 -1.044332610619765678e+00 -4.355535744092211559e-01 1.241163153734859304e+00 -1.243795274425496533e+00 -2.122060861754196948e-01 5.557052186217248391e-01 5.864237668739554765e-01
-1.867135443627209845e+00 6.698408421327709528e-01 1.203575280749045628e+00 -9.398449035138330965e-01 3.909107449444814142e-01 4.943127453986219666e-01 2.460527744023209284e-01 -4.737036825011988750e-01 7.448250189178877712e-01 -1.299452639840709134e+00
-1.692086312510985513e+00 1.273748634798088086e-01 9.881928776104325074e-01 -2.001487514893616759e-01 -2.571170819766510629e+00 3.754888065944304854e-02 5.209653592824601276e-01 -5.006499491908135147e-01 -1.184648490858640990e+00 -1.501241477230192078e+00
2.853541190541442507e+00 2.360848313708156176e+00 -2.160854629709060948e+00 9.449123953277850374e-01 -1.756517496912317178e+00 1.159439911448282512e+00 2.366908436253259418e-01 -1.151969838560190085e-01 1.642593556053427495e+00 -5.874301684527228673e+00
-3.077300962179383426e-01 -4.634999010921432294e-01 2.325088948263751121e+00 1.063042970732055892e+00 -5.817138645344658299e-01 2.329409504628667249e-01 2.301328230518862872e-01 -6.880700060868039092e-01 -1.131415261313816201e+00 -5.414497287177516549e-01
1.810739953899347610e+00 3.756125437449166493e-01 1.412116031946000660e+00 -4.407755161427145962e-01 7.876903675714933550e-01 5.635142667678565420e-01 1.122469883116326839e-01 -4.830314234636638449e-01 3.064472585990874465e-01 -1.415787888471814297e-02
-1.535577088889659159e-01 1.200030564646202613e+00 -8.684907347210682360e+00 1.159825029560797027e+00 1.532714418212034913e+00 1.474780508484779817e+00 3.384568102758496455e-02 -1.626405061562798293e+00 2.226651303354960199e+00 1.351715745105287025e+00
1.091963728714600013e-01 4.496437975718374225e-01 -1.235729085883453315e+00 8.540435294247806786e-01 1.149635252248104450e-01 -9.480591398781039458e-02 1.314973061452299474e-01 1.211473702649024098e+00 2.174057540089079921e-01 8.135252731582643948e-01
-1.195913030563350299e+00 3.597679333157864701e+00 -1.215381364407964071e+01 2.544606656216694240e+00 3.452324649781713939e-01 2.286958710679678486e+00 3.321020615834422873e+00 -1.253150869365776021e+00 7.203672052847374108e-01 2.331207233088955721e+00
7.756325238387644649e-01 7.770242784852950946e-01 4.063399505443865967e-01 -1.475167164455578328e-01 -8.336577246782438111e-02 5.638213163172962616e-01 3.613494553059001108e-02 6.349079254998093447e-01 -1.012190933393977588e+00 -1.758678009071692250e+00
-6.265176628375442869e-01 5.833841149450750274e-01 2.250430446562577735e+00 -5.733647663410202933e-01 -2.340334733213056580e-03 -7.535779732571926126e-02 5.756497252346264720e-02 -1.069244146590985878e+00 -1.563649747481901997e+00 1.897168001429162532e-01
1.197653245637843256e+00 -8.572057108806419023e-01 6.186178713116389227e-01 5.035751092530380557e-01 9.053025467605807508e-01 -1.683334151121748945e-01 -7.691434274622482858e-01 -8.289924356366430436e-01 -1.102640069825989944e+00 -2.230204386282791162e+00
1.112651271026068978e+00 2.723480931540410710e-01 -4.845756837508353315e-02 6.221026037181628388e-01 2.887590462389287294e-01 1.166926653364626976e+00 8.085215280881256072e-01 1.599627805965024574e-01 -8.684371608307717150e-01 1.269699384518088392e+00
1.290114991110666631e+00 -2.624987062333876131e-01 1.070499703384726997e+00 9.106525491266995731e-01 4.994096222583703226e-01 -4.129066993275213315e-01 -1.097370668462204435e+00 -9.562784715471242536e-02 1.203828979112122832e+00 -1.323818922341342352e+00
-2.432768300671339368e-01 5.059492098720833608e-01 -3.553958410192384898e-01 -2.634583669477580381e-01 5.973097770387293393e-01 -1.971382497541814827e-01 4.092605096507912488e-01 -4.754403488088749241e-01 -4.095334185454875819e-01 -5.771093060753457182e-01
-3.033389051836147043e+00 1.003927862626582179e+00 -8.659211163032246361e+00 1.181774041953054688e+00 2.514251010898129302e+00 1.258328122097193802e+00 2.277908433665253529e+00 4.976744208019885651e-02 1.675588475453526405e+00 2.904086227242777429e+00
-4.467936051404912678e-01 -1.914741504261321670e-01 -1.553100176122138854e-01 -2.374979200365037735e-01 -2.759890829865696005e-01 -1.575506264046697691e-01 1.637389757729689269e-02 -8.567077859982953347e-01 4.610571223180597727e-02 -1.104658255255047239e+00
4.118722697422103063e-01 -1.115850028017221218e+00 1.479397848496700751e+00 -1.255236609727186536e+00 -1.938611105143764668e+00 -7.987771299945566339e-01 -7.362447255235892163e-01 -4.570149663015909969e-01 -5.260779328317410908e-01 -8.422395688757057242e-01
8.694574257186872268e-01 -1.658444425432913594e+00 -2.826215413912435206e-02 -1.187416753340783532e-01 -4.419907187852771258e-01 2.044661964082106209e+00 -7.020569462163708807e-02 -2.779591701460318864e-01 -6.566942832903735483e-02 -5.616807959797772698e-01
8.444168236697964236e-01 1.819901768877536297e+00 -1.822794362632504939e+00 -2.268534909112281284e+00 -2.085669326068898544e-01 5.819981576181288974e-01 3.239534709339704222e+00 6.948358427553563699e-01 5.373952042399271489e-02 -7.739822261103874723e-01
6.236877321623990333e-01 1.050963936714983671e+00 6.250416546969647102e-01 3.593686197500100543e-01 4.703863101366602406e-02 -8.408698999873910340e-01 -9.112314403944280494e-01 1.520793648649442775e-01 -3.389821465084776886e-01 -2.121348240752594094e-01
7.446709721165158946e-01 -2.949651410153872888e-01 -1.345798919106800273e+00 -6.553824921867164310e-02 -1.349933777191312911e+00 4.845488851556313259e-01 5.400517681355302552e-02 -2.739672942683407109e-01 -4.661333526015692952e-01 -4.158684629603646710e-01
-1.118899627543155306e+00 -4.502236544021011588e-01 1.574730322860688814e+00 -1.238018993923963196e+00 1.528220543692286881e+00 8.643132728438108758e-01 1.998230546577113964e+00 -7.549514099579275328e-01 -2.923762980717199422e+00 -2.201199641455154621e-01
-1.321419234399460629e+00 2.275248571506020279e-01 -1.960679416063666469e-01 -8.149933965877638187e-01 1.281661028531919433e+00 -9.561340078214791705e-01 1.437602481350252370e+00 1.654871371108232458e-02 -7.441254525485302418e-01 1.180740845914355491e-04
-1.629401425904676959e+00 -5.533415378564922049e-01 -2.634226529808991746e+00 -7.571596684796971788e-01 7.002413182254418889e-01 8.913477432234979680e-01 -1.304744931736188773e+00 -1.112523817771952306e+00 1.104662018903059817e+00 1.319729245855915334e+00
-9.695906938334474257e-01 1.606336884688686961e+00 1.191602393890204281e-01 4.986614037770911168e-01 9.889468445753920589e-01 -7.292168403923053877e-01 -2.773253740998634156e-02 1.352851849720530186e+00 -1.321510611602582097e-01 -6.438386807484730578e-01
-2.776645254027100829e-01 2.340448469966366629e-01 8.367774464928399158e-01 -1.947625888192143107e+00 -4.496229589505802426e-01 -1.398167476516612551e+00 -1.231187716019258138e+00 1.210292745345042276e+00 5.058617507323610596e-01 9.391954392494982207e-01
-3.568170431805929299e-01 1.054857734378642942e+00 1.062887993063508674e+00 1.077226314999019552e+00 1.702916726345189702e-01 2.385983193655849544e-01 2.286523213191747617e-01 -2.030841470347354849e-01 7.892447690259482007e-01 6.806348513757050078e-01
3.332909264598058474e-01 1.116607493681103236e+00 -6.024180926860102758e+00 -1.322904226570158048e+00 3.592547111791184467e-01 1.979749569019031874e+00 1.641100871382652260e+00 1.629230188474897423e+00 2.354503645516911270e+00 1.310466456295223736e+00
-4.897699392988638656e-01 2.193549946213558144e+00 1.417322469263023299e+00 5.159321831185647439e-02 5.958234827255579624e-01 1.161220243952434839e+00 4.832820903033525906e-02 -4.103297812790977772e-02 -5.270995113111681674e-01 3.800400528278349288e-01
-5.446583905895893141e-01 9.814019544327633182e-02 -6.361763206613467725e-01 -8.858762601445545615e-01 -4.699918764040848518e-01 2.669883860862285463e-01 -7.058851067337742480e-01 -2.706151342974207896e-01 2.022600909518068035e-01 -2.076214490111769895e-01
5.389564712570833471e-01 7.830953363556257818e-01 7.296196973222485171e-01 -6.370169388182883585e-01 8.970508548845546049e-02 1.030611802653438103e+00 6.336821253875816184e-01 3.494431610037468383e-01 -4.239576760337429029e-01 1.619783364677574167e-01
-1.919999579075333695e+00 3.087922136039640830e-01 -2.058853899601542192e+00 -1.256106857020568013e+00 -1.417828112674963226e+00 -4.075899166162830767e-01 1.148147193945232347e+00 -1.629628135525041710e+00 3.714153256528382463e-01 -1.592548496797102198e+00
-1.119967604900519831e+00 3.139193830776104699e-01 -3.403629061371153397e-01 1.691315653769601690e-01 -3.493090143562820882e-01 -1.217039744476279550e-01 -1.009771446452623067e+00 4.120311527739251578e-01 -1.867845243788631704e-01 1.583347493387808613e-01
9.375364693673869931e-01 -8.545229986463025451e-01 2.254201203820291433e+00 -1.416564560357948199e+00 -1.110260877399078083e+00 -1.361721527283248356e-01 -5.713664908513556018e-01 1.144110178349823537e+00 -8.028109928852108501e-01 6.256343277386112733e-01
-8.493585180234936027e-01 3.192682434828175014e-02 -1.843625001190982049e+00 2.734643650123831926e-01 1.161424127416062380e+00 5.306303611664691111e-01 -7.755017512450437800e-02 1.188997899376829759e+00 4.996849332688236417e-02 1.146089143340834227e+00
-2.229987846939669005e+00 -1.694147822267436654e-01 3.466593650735902088e+00 -7.966600611415799449e-01 -1.086789539199156218e+00 -1.520571357285754321e-01 1.279196251489157499e+00 2.163823453114204209e+00 -1.494317537990169198e+00 -1.244771980065795258e+00
-8.805898862033137986e-01 2.880971114273443323e+00 -6.974725349271400532e+00 8.999487846219701437e-01 6.505566083362088747e-01 -1.050811597944068115e-01 7.765478430645680330e-01 -2.235318846488577038e-01 9.466320902799779669e-01 1.396844895702383793e+00
5.789637092407762253e-01 -6.735323607105376809e-01 8.861951613772780512e-01 -2.157603241500255786e-01 -1.339874741291356086e+00 2.893329116288219718e-02 1.411164646494448061e+00 2.474552644353406328e-01 -2.223932213125624224e-01 7.942920008185910818e-01
-7.776229395150555668e-01 8.231948284003402783e-02 2.478472453135166786e-01 1.007449007665055296e+00 2.252912806031683590e-01 1.745044176361459032e+00 -1.452803928541821499e+00 2.114598746646084493e+00 -1.862850545934826130e+00 -1.916134939680681049e+00
-4.855363124324278967e-01 5.290739272901943124e-01 6.686823426270473991e-01 -5.621161777356269429e-01 9.503597654943918283e-01 -3.831510398648198534e-01 -8.651956927477063575e-01 -1.035919824515248555e+00 -8.647554271539127646e-02 -3.493495728899287389e-02
-2.050255204641512119e+00 1.007567803165970721e+00 -2.247931686460821421e+00 7.562555765617632320e-01 -1.093383313183852179e+00 -1.544204092814970508e+00 1.087412626374936409e+00 -1.128848017885213662e-01 -2.539522873294197680e+00 1.288201580944471347e+00
-1.536934318112624043e+00 4.155155768717326281e-01 4.736194960976441992e-01 4.896616350331164380e-01 9.389908130430469901e-01 -1.027340669246047167e+00 8.855485089294528045e-01 -1.262732503171283271e-01 4.868784809987916073e-01 2.983569799232099751e-01
9.039679219179445058e-01 -3.310570509497095526e-01 9.807725786031422643e-01 -5.984667905793517040e-01 -2.008415051089293524e+00 -1.502385607185829919e-01 -8.739573185760340923e-02 -4.954352556477494840e-01 -8.939184901766161762e-02 -1.747084049011774276e+00
-2.748254992230141358e-01 -7.271784291284130175e-01 -1.077302540753499294e+00 -6.057761493268349895e-01 -2.474379368797305911e-01 1.500569089214210394e-01 2.218842380209380960e-01 1.838405135974705007e-02 -5.378960067603062445e-01 -3.534674273380993825e-01
-6.080491886786396627e-01 2.192433580281877958e+00 -5.449844642826214169e+00 1.912805694226518805e+00 -3.631557294961360732e-02 1.389724439920427379e+00 1.963242701344470875e-01 -7.625191952273820128e-02 -1.126006037814342581e-01 1.939547241206174277e+00
-2.499982652382372716e+00 1.081621119725650004e+00 -2.942517116757938922e-01 5.141428367422834711e+00 2.575643820258302075e-01 1.950668210253932444e-01 1.426387472224092567e+00 3.561939438624884824e-01 5.180170193794627620e-01 -6.925935813781894268e+00
8.243150133119994116e-01 -5.158086796529219864e-01 -6.447807583443385671e-01 -1.430021283255988207e+00 -2.140393155421195015e+00 -7.190963147238009778e-01 -6.215072531320356974e-01 -8.900190378972246963e-01 3.102222754001483784e-02 8.327657541067809976e-01
-5.859478244582551065e-01 3.905402130597378507e-01 -1.168310245132448827e-01 2.889854768917107797e-01 2.111715785779081644e-01 3.521746270895235731e-01 1.924183873256602728e-01 6.610086679479110217e-01 2.511988702777054883e-01 2.241201511874688079e-01
-2.060792756052755248e+00 -1.155791071166541339e+00 2.626956693256203401e+00 -1.671575224678117255e+00 6.645837011038331354e-01 -1.193060773288549425e+00 7.647591756313445455e-01 7.961226828347025553e-01 7.604780239523274421e-01 3.072947834533359401e+00
1.232019757655451464e+00 2.903783632816989493e-02 2.004737238297547908e+00 -2.758676533714336521e-01 7.089950292888660410e-01 -1.067345990181602255e+00 -2.396215631801530410e-01 3.995622085382152244e-01 -7.997093870044930108e-01 -3.620037634847669272e-01
1.043923819221172389e+00 4.815045415178514365e-01 1.256326111334625795e+00 -4.028684077025206783e-02 1.367422298595354802e+00 5.754463441634344312e-01 -2.424777519790388691e-01 9.650338160828683121e-01 -1.787103997847200310e+00 -3.604738285293837552e-01
6.705166979049556053e-01 5.970797286915844326e-01 -7.228076815890347451e-01 7.625347590157008915e-01 -9.853801650503639653e-01 1.296878684564257256e+00 -2.121440952663451451e+00 -3.119530036938018003e-01 1.694035320588232807e+00 -2.091696078169188677e+00
-2.365151572798298574e-01 -4.077349617231053047e-01 -9.887309692270187522e-01 2.866969672644480438e-01 7.127933424921306660e-01 7.537044376228322351e-01 7.021420139928846726e-01 4.862171774351153331e-01 4.807191174357697827e-01 5.106874189904883066e-01
-2.241231619474495229e+00 1.602243895575553578e+00 -8.992363187273398895e-01 -4.368815012704284073e-01 2.738061508752502871e-01 1.638982752162254197e+00 5.150723192508085413e-01 1.509202244050568131e-01 1.144669286415841203e+00 3.947432489361881736e-01
8.835228060933265626e-01 2.493470306611254295e-01 7.594632320974431527e-02 -1.196489093267664838e+00 -3.797143989486630455e-01 -2.494337917479682698e+00 6.662978010885963753e-01 -4.022099988532624182e-01 -3.256450362110693275e-01 -1.821374007538757445e-01
-4.782664717771260565e-01 2.820030745054721844e-01 -8.906259763340350633e-01 -4.725769815513135297e-02 5.107967145448982782e-01 1.608801858604358981e-01 4.838448496512787189e-01 5.926469678151199266e-02 -2.511395404495754546e-02 2.081595768053733642e-01
-1.021982266157773489e-01 6.558062885698742184e-01 -1.242063655558879542e+00 -4.746138684930656382e-01 1.818483326833679192e-01 9.445244002936508121e-01 -3.439632201813193624e-01 4.057560176244523475e-01 9.119165141626582594e-02 6.263318231200138975e-01
-9.260891567321031248e-01 -2.090071911361091883e-01 1.782378992564281672e+00 -1.857307659299435310e+00 1.937440036045691982e-01 -5.440232358002896618e-01 1.335772624178484635e+00 9.516887548234147232e-02 -1.895474990903849716e-02 -1.301137081327050415e+00
-8.077040670596989935e-01 2.766492734460381797e-01 9.426600560843362286e-01 -1.050149810074055390e+00 2.493880142678610579e+00 4.572731641041103967e-01 3.162943288728329860e-01 6.270940972707526040e-01 -1.187233408620977926e+00 1.018996917089650678e+00
-8.789582829618505233e-01 -4.335334025965173477e-01 1.313481945703687481e+00 -2.717143997115524456e+00 8.321568186321278704e-01 1.312107590629842668e-01 -8.657235221678464265e-01 2.483621236910250052e-01 -1.242826001239158762e+00 7.520195459139701333e-01
1.369904381238045421e-01 8.610876737135179093e-01 3.371722307523761786e-01 1.082856952751262369e+00 -3.274878654799700528e-01 -6.603268654455231035e-01 -6.974572898320046122e-01 1.081890872002069459e+00 1.714119994260529523e-01 -1.988235504965576661e+00
-8.624006239663862816e-01 8.838347500808830803e-01 -6.655430967815610943e-01 2.871447124010486074e-01 2.957422659611048665e-01 9.155138625699915655e-02 1.427746567388659404e-01 3.047660930960858702e-02 2.945175855092178607e-01 2.918976526401212968e-01
-2.215663698828698625e+00 6.146569564435150346e-01 2.071908882256125128e+00 4.409780518010792960e-01 -1.035871523680211848e+00 -3.652905615339937517e-01 -5.899632464200597892e-02 -5.300527058183106544e-01 -9.178135476865526554e-01 -1.964802888072875842e+00
-9.808912196823753593e-01 3.789602966203967083e-01 5.997333569236781292e-01 -1.004744692487464119e+00 -5.354950734792951472e-01 -3.917344301412235552e-01 2.297029266195506000e-02 1.582176537870314981e+00 -1.651668497514021006e+00 -5.930839808515958600e-01
-1.648933535704065978e+00 1.036128586613960456e+00 3.136854766959965013e-01 -3.524650037899541011e-01 -6.481930583985280325e-01 8.993156013647821689e-01 -5.317351621810918472e-01 4.368165734094907604e-01 -4.396988048579371089e-01 9.105155879396936713e-01
-6.803243651243326973e-01 1.106860213692483663e+00 7.319834499638818714e-01 7.411787985913103061e-01 2.969557638000159261e-01 -1.744168421720907913e+00 4.672617037135575746e-01 -6.386982621632995016e-01 -4.409002469619509590e-01 -1.072644181943680081e-01
-4.815743496456340381e-03 2.735717183272406983e-01 -1.227659600560838893e+00 -5.978807675815028810e-02 2.687747082786672070e+00 6.838227435706561996e-01 1.260968903816040987e+00 2.401329346516291263e+00 -6.131107224159390023e-01 -1.406925380758466959e-01
-7.911600356543991852e-01 4.028659965567402690e-01 -1.176986733187600276e+00 -4.407450573962162221e-01 5.722961152284291586e-01 1.453387895665595453e-01 3.879170411345581049e-01 5.233063507695047134e-01 -4.151907151224367154e-01 6.719823148014829606e-01
-2.601068476508061611e+00 1.258286605954707760e+00 -1.061328985489747634e+00 6.380212325192248235e-01 1.960758323149243587e+00 5.636276588871802495e-01 1.973541652855980433e-01 5.315126225982285124e-01 2.775595131649989319e-02 2.636064751152015440e+00
-4.540546975702473564e-01 1.221155765138134841e+00 8.693304510635198046e-01 -1.571615924425295296e-01 -1.141228263953411037e+00 -2.089163492021518742e+00 -1.140055738103437966e+00 4.262851137595454754e-01 -1.005502049133592868e+00 1.912443419646622789e-01
-1.573757267613125954e+00 4.576740864104331674e-01 -4.037248843691932376e-01 -2.045733261378887002e-01 1.782118379216938164e-01 -7.355522633673041710e-01 4.438169839192612764e-01 -7.156076040989824139e-02 -3.398645629954986647e-01 -5.965435112550381280e-01
4.794852947831383938e-01 2.182731792723786590e-01 1.949931092593592430e+00 -1.751940349957672671e+00 -4.792913482056303520e-01 -1.013310682074606062e+00 5.874612419199958246e-01 -1.579494445884764620e+00 -1.849497566170839047e+00 7.120270043932910298e-01
1.169790450780965468e-01 3.279028890286188047e-01 -1.852280821865712745e+00 -2.257600686248018296e-01 7.384993933141850153e-01 -1.162816294197733580e+00 2.148309857032102976e-01 -3.274076127060974173e-01 -6.253797092196949903e-01 4.704722585876925933e-01
4.613897829999502598e-01 1.308205414587041149e-01 1.459815279786203179e+00 -5.240649847614723411e-01 8.463705292971651639e-01 -2.571756675812119641e-01 -5.676594453642914706e-01 5.449359226172544313e-01 6.411716110269558566e-01 3.929924104109071559e-01
8.288670742442354467e-01 6.725655988413368203e-01 9.374388566759674912e-01 9.678034866326943320e-01 2.113580545968953006e-02 9.047330568366173109e-01 -1.302042133223986875e+00 5.430851973906345442e-01 1.051478352461763022e+00 3.796026045457419063e-01
4.281031795881365953e-01 1.917276099558421709e+00 -5.869325888385823475e+00 1.950053807145433193e+00 1.217800514629972852e+00 1.049401231659871980e+00 2.030152725097636779e+00 -8.773885159799338362e-01 1.827884285550143373e+00 -1.299256035300033474e-01
-1.239574299402138591e+00 9.330007976690988247e-01 -9.694943139222449435e-01 -7.273539588690804969e-01 7.690631702415412496e-01 -1.434920491478607785e+00 8.555108747723623175e-01 6.916090915052641730e-02 -2.150467886750609403e-01 -1.840521685574361688e-01
1.565047068331210545e+00 -7.660908873716619771e-01 2.603216016925434251e-01 -7.611938785892872206e-01 -3.614103072002690098e-01 5.838033044393099030e-02 1.025668530103193143e-01 2.590113301489918585e-01 -5.173524330888952250e-01 -9.368892197150500145e-01
-1.940888498786655925e+00 3.902120940683980743e-01 2.146626504765156151e-02 4.411362777941181257e-01 4.917232187983190395e-01 2.890161392391729089e-01 -5.423453279959061790e-01 9.721166872140786230e-01 -1.115217914507845576e+00 1.028149450823743871e+00
7.093365510009350672e-01 8.168580751708944820e-01 5.683566813729844514e-01 8.815615601670022672e-01 -8.350979278705279452e-01 1.091285764134110714e+00 6.603539321119081817e-01 -1.287778052762929226e+00 7.778393453039603722e-01 -3.428608796353732613e-01
9.432049041091137287e-01 2.554651068187583363e-01 1.011819810377194290e-01 9.067796220371381333e-01 6.420477321025982453e-01 5.942982273821073580e-01 4.173305841005545136e-01 2.392420578691488164e-01 -2.863237298711676981e+00 5.836652435681490350e-03
-2.434132375752367849e+00 -3.987978430797741725e-01 -1.252778505119409025e-01 -2.582677833466616946e+00 9.673076521241632530e-01 8.293362632867042061e-02 -5.158831742442505641e-01 4.463259223486691352e-01 -3.817492840756763206e-01 7.300406392350206053e-01
-1.914018261025794976e-01 5.698687841499665563e-01 -2.212891705119173213e+00 1.799802073395711632e+00 1.044914935298450809e+00 1.461001641603136170e+00 6.541441270372014838e-01 4.578678503982330783e-01 7.727471785610471322e-01 7.681071906772764246e-02
-1.273418538301104574e-01 6.945498740805271520e-01 3.691497613208939016e-02 1.226423179178931955e+00 -1.993330724973456203e+00 8.629334058445288225e-01 -4.530901858707354728e-03 1.132739902763340578e-01 5.436644037636005899e-01 3.997268819404686813e-01
1.097659446791070526e+00 -7.946705797437818297e-02 3.997943093701399886e-01 -3.457935947826370482e-01 -1.015029162726248657e+00 9.939983640415670507e-01 1.516415360222099773e+00 7.014058666778543172e-01 1.019962520063731060e-01 -1.086990554893498162e+00
-1.200833096560957935e+00 1.341453533673791776e-01 7.944712701450428183e-01 1.300577247866167241e+00 -2.552358992122454873e-01 -1.123991593324570992e+00 -1.700070235947112596e-02 6.379768444354758650e-01 3.040653585922385629e-03 4.902687606198959380e-01
5.369566768661002687e-01 1.114753867710845947e+00 -3.244010837616209564e+00 1.618439853204274526e+00 2.162485937365068445e+00 1.204095783010059373e+00 1.518507846090580315e+00 1.273110076355492559e+00 3.255478090700703042e+00 -1.084811301972000708e+00
-5.665593287269761191e-01 5.546397909364987333e-01 -1.364595597848307840e+01 1.390653729810775507e+00 7.396729029925205312e-01 2.904369926788815448e+00 1.023117222707765617e+00 1.787140753703370388e-01 4.096860380601398677e-01 2.762829471533426506e+00
4.619444384051549224e-01 1.366432766847505142e+00 3.604282916219850863e-01 -6.022290835781061169e-01 -1.115910299741129375e-01 -1.530432074090989580e+00 8.975386003677602309e-01 -9.137078292226189502e-01 2.124935963745035183e-01 -1.708491853525336612e+00
-1.925592850513217824e+00 -1.201725828587227651e+00 -8.655215877258558566e-01 -4.582090407781478913e-01 -2.731569639869964594e-01 -1.078178128950507908e+00 2.571318014785491379e-01 2.775870873656905435e-01 6.654596519556286172e-01 -2.624504073109809044e-01
-4.799439889740973464e-01 9.598911043385475184e-01 -6.929513104877953189e-02 -8.623413797748901155e-01 6.228964446940697952e-01 2.352840112181758814e-01 -8.138661158095961135e-01 -2.559826864732059892e-01 3.110857779655293309e-01 1.764922577496512712e-01
