-2.719252540682686251e-02 -7.476890403833023058e-01 -6.124946200526798501e-01 -1.043953911358153075e-01 -1.129069362544356248e-01 1.118726252201449334e-01 -6.529595637934926255e-01 -3.022269056223245154e-01 3.218894871136323554e-01 4.486764932455902105e-02
-7.268633965355872917e-01 -3.295881117913367353e-01 8.458529751714531919e-01 -8.710645607793612299e-01 8.535870366742350779e-01 -7.280112565701649663e-01 1.033224643548718458e+00 2.802077719123489685e-01 -6.821870709678766742e-01 2.597022541841845222e-01
3.208855590916147305e-02 -8.436749658212663316e-01 -4.552020623804598487e-01 5.848062943445836437e-01 1.640048945273465009e+00 -7.662793564682065517e-01 1.373837844701561103e-02 5.249662856845841441e-01 8.394114108087719073e-01 2.494666544344483317e+00
1.739170030268205380e+00 8.118713803798406348e-01 1.208372772035141374e+00 -9.844235643247696288e-01 1.018836733931575145e+00 3.566088130937643097e+00 -1.092370971437255989e+01 -3.144900092913055500e-02 3.552749212414803015e+00 1.664713472112670400e+00
7.325359154444934795e-01 1.342877025645356825e+00 4.290191966383641309e-01 -3.124111582961557332e+00 1.209471849666146070e+00 -1.658588888316294918e+00 4.026868280479289353e-01 8.009227154687995620e-01 -7.394550339094757563e-01 -1.716974024668340704e+00
-6.537240460223603389e-01 3.391710958601837689e+00 -1.151139161523666354e+00 -5.462627205204133585e-01 6.639948928735520672e-01 2.055814207192724563e+00 -2.307658719900265894e-03 1.381888614233695911e+00 -1.492021904420107958e+00 3.646872856037834953e-01
8.395524869060765338e-01 -1.860567410675040001e-01 -1.397486103782248912e-01 -4.988933928401142470e-01 1.188793626438139128e+00 -6.951278967460255975e-01 -9.426163564324679944e-01 -7.850118250973461276e-01 1.306176082583448306e+00 4.198722126600002436e-01
6.773866950972368128e-01 2.601879162868161455e-01 1.054123691152653475e+00 1.436810560330902820e-01 8.237954203288411215e-01 -8.661200901271783881e-01 2.963832189845455045e-01 8.469939760569829001e-01 -8.702148602535701716e-03 4.852549618099497586e-01
2.570974685489236800e-01 7.808054277664790988e-01 -3.427415730883226486e-01 -5.634064880855664814e-01 -4.661588784610660730e-01 1.182772499766601593e+00 -3.920312332988249437e-01 -4.733228445605981438e-01 -3.532338590604821582e-01 -2.099100726886502066e+00
1.292955449415790214e+00 -8.211566834680662508e-01 2.515757927823877860e-01 -2.650043492141455737e+00 1.256459621399014237e+00 1.180171854676747234e+00 8.325740409930115771e-01 -4.616585724612156105e-01 4.662750549271340583e-01 -9.601289885277175529e-01
3.982899230116853317e+00 -2.291426702739882137e-01 3.160064596832654171e+00 -9.697393686080915121e-01 -2.339577758284702713e-01 -1.539333417010467775e+00 -9.741503456667313543e+00 1.120180226703076709e+00 1.754214521349320099e+00 2.807866917180251498e+00
-5.968993340715300633e-02 9.222567913771038128e-01 6.098799876102239947e-01 -9.311076144690008105e-01 -9.538098678970630129e-01 -7.809465347710491390e-01 2.505679853374751520e-01 -1.088861291661572972e+00 1.976310651658348128e-01 1.336530820755126303e+00
4.732189342500587870e-01 1.021793858213451145e+00 -8.843241355164135342e-01 -1.811556576592955770e+00 7.228094404631549841e-01 -1.597240932546656333e+00 -2.541555582092081433e+00 8.691000761849219103e-01 1.229589219067973138e+00 1.681339571864074595e-02
1.934235592354494937e+00 -3.812445467595292903e-01 7.606317937433401122e-01 -3.260133553338398826e+00 4.673159478393890676e-01 3.991779961891855910e-01 -3.567205372902946259e-01 1.252925467480728194e+00 6.593283396250337880e-01 4.301522906557776471e-01
-1.796808144379859362e+00 2.608203525758293839e+00 2.577327602645276716e+00 -1.710542120814579459e+00 6.118810330918051932e-01 1.534453067858663644e+00 -2.245826398569753302e+00 5.127342268640054934e-01 2.243996139078523466e+00 -4.403411538495413113e-01
2.197290926524599897e-01 3.394518964038536479e-01 -2.950021583181915985e-01 3.670313709459895879e-01 -1.244077352846094220e+00 4.774897479528865674e-01 -1.041011445658743373e+00 -1.301180185286154867e-01 -3.918837241634794966e-01 -1.210195601924872300e+00
1.197655820645822794e-01 -1.712202248808796998e-02 6.405183514414133916e-02 -6.579277881601216516e-01 -2.777871909965627314e-02 -6.606082958915960868e-01 2.166339552058995643e-01 -1.696815105213886010e+00 -8.250182967079729979e-01 6.279283072394508114e-01
-5.012736244359004001e-01 5.048734945558090992e-01 1.587703602165656536e+00 -1.002816555737193749e+00 1.026180267736311214e+00 4.950512809731555941e-01 -4.866220187196721447e+00 2.203871550220544429e-01 9.211307427808591575e-01 1.591183341804109919e+00
1.034124921698514055e-01 1.290279480048322602e+00 1.199162939678791062e+00 -4.161390825231423563e+00 3.775274868074160572e+00 2.741134838935921803e+00 -6.036565733735147710e+00 3.285756784720436752e+00 -7.494527085486774043e-01 3.727861258778336850e+00
-4.337434343112400725e-01 2.532564039273999867e+00 -2.495111642850656730e-01 1.851158405257534445e-01 -1.927223288470308216e+00 -5.911957388590137086e+00 -2.424011645107100321e+00 2.371774145333487294e+00 5.198533043838546863e-01 1.079233546059087168e+00
6.972208233384218773e-04 1.705761836634262507e-01 -1.076749162344377453e+00 -1.812604773631348642e+00 9.784323844980676865e-01 -5.742132099196542994e-01 1.152673273921780872e+00 -8.185692477901369557e-01 -1.612148998214281370e+00 1.115540777027866692e+00
2.379825718311195937e-01 7.041343238464459198e-01 -1.325902214694294479e+00 -3.728573438732338818e-01 -5.231705242227399077e-01 -6.204975754135948485e-01 -7.616345465296401329e-01 1.790001999598139493e-01 3.652407614125190247e-03 6.292829403790069220e-02
4.389158720396216240e-01 5.836861962926066620e-03 2.104684876777470903e-01 -2.894983752119042908e+00 -1.053133995588622751e+00 2.761327981480821148e-01 -2.506940102019961980e+00 2.040396618721315447e-01 -6.828801693555791585e-01 1.578901362956529053e-01
4.433786852986552063e-01 5.147834513427500536e-01 1.894169563267073322e-02 -8.395621669727811875e-01 -7.491998498783741800e-01 -2.037745039318858142e-01 2.636266824645969176e-01 4.880765245472889480e-01 -2.845733392712561094e-01 8.804441565614613552e-01
3.028771266722125599e-01 -1.034176466999464417e+00 1.575039245046771619e+00 1.129974807506295420e-01 1.244921987962672505e+00 -1.163149237773641209e+00 -5.644849497514143888e-01 -7.295053929363285242e-03 -5.790100816240145720e-01 1.417625036083245416e+00
-8.856824815583844712e-01 5.003815289424216051e-01 -7.883803997704794675e-01 1.057399920671707072e+00 -1.346655683762923994e+00 3.560125462346160896e-01 1.164987060839266730e+00 -8.039127669702782475e-01 2.833818758069057697e-01 -1.892465608389445053e-01
-9.344628026301793344e-01 5.538245483970871685e-01 6.767189430719546817e-01 -1.107527760463460575e+00 -4.849739168944659506e-01 1.824376561340464442e-01 -2.423844214667174590e+00 5.235919567304466726e-01 -3.476449008514152506e-01 1.173786933040519252e-02
3.188665055618503441e+00 1.027334278549260738e+00 2.393176389081096644e+00 -5.827623768003155069e-01 -1.493449354046624045e+00 -9.139257886283235877e+00 -1.881911494545024821e+00 1.310346615186689823e+00 2.461996410674545110e+00 -1.027302158697876777e+00
1.721314328090413737e+00 -5.301251510147485524e-01 1.513070714481836498e+00 -1.773279797355669651e-01 2.649274880626484752e+00 1.034180954308444589e+00 -1.112987198262495880e+01 2.074172320952357040e+00 2.280183248106061988e+00 3.065427143834303703e+00
1.274439448304979461e+00 2.116203182863455989e+00 -1.264446547112936248e+00 -1.931419182223282682e+00 -1.029930739212073371e-01 -1.587911084353114954e-01 9.715702169566864388e-01 3.163001195079516714e-01 2.332527814896864227e-01 7.444210510244642087e-01
8.240792133566139377e-01 1.354466566512686765e-01 -8.760365721217685531e-01 -3.063091686284037385e-01 -4.645526505026907893e-01 -2.492615752851063959e-01 8.570387463405552131e-01 -1.851489146042798739e-01 1.284653791135222711e+00 -5.323824429335286545e-01
-1.258899873087797383e+00 1.395174755850406845e+00 4.653600909335166014e-01 2.237347930873716806e-01 2.101762502385686460e-01 1.622495609527735416e+00 1.113062438004942312e+00 -4.121304638785918684e-01 7.224509502745455336e-01 -5.451204814580727920e-01
-6.198499586820271738e-03 -1.781357840786808033e-01 1.819648236717473777e-01 7.406936320115942163e-01 -2.863595163604590668e-02 7.143390955571679024e-01 -1.474836555864436960e+00 2.199284273243019006e-01 2.670206223059164996e-01 1.294362885518134387e-01
-6.981860373906636497e-01 -2.186254228380126452e-01 7.399818540645521914e-01 -2.065353588054038847e-01 1.636195672197999010e-02 -2.214512712571157671e+00 1.236055118217250559e+00 6.308626525023738330e-01 4.982446237633309516e-01 2.790948310179349953e-02
-3.102483821582619622e-02 4.606514597849226678e-01 2.102027709405524192e+00 -1.951690806478753926e+00 1.755810360569007855e-01 1.065454013325239035e+00 -4.138227112178885392e+00 9.793052320299822089e-01 5.806645738055947123e-03 2.218030545112887442e+00
3.967928366421820674e-01 -1.581337376434992503e+00 6.355623593234042135e-01 1.065864661287351467e+00 3.834391894364303499e-01 5.279359803314356281e-01 5.918934800915252176e-02 -1.476376363382680135e-01 -9.310647265488963820e-01 6.258383078765887841e-01
-7.747948910363245956e-01 4.079999346935231364e-01 3.613790214215597096e+00 -1.337328478206820437e+00 2.479667818391039447e+00 -1.075589951242372999e+00 -1.851167758614606385e+01 2.118092416697389346e+00 2.963682713043120032e+00 6.835719013950398271e+00
-2.796299961336868867e-01 1.443369756100675028e-01 -2.781502103132511561e-01 -5.120879037738508277e-01 3.707103379070814664e-01 -2.449730389689008803e-01 -1.218852024711336718e-01 1.900851648139325889e-01 1.941545774793350040e-02 -2.698638188833615281e-01
1.607528289777951036e+00 1.699186625171868581e+00 3.867615263452180319e+00 -4.100069577396844855e-01 2.469374177878419285e+00 -1.027118539003274211e+00 -8.591963082063932333e+00 7.105220784541821377e-01 1.434462035254240320e+00 1.359291436494618033e+00
8.203012311320927452e-01 2.413217771444980675e-01 -1.824931087077478475e-01 -1.911223731434628315e+00 1.747111186192261412e-01 1.170298697092404805e-01 6.119324849795383381e-01 -1.345376310188953317e+00 3.511599361252645268e-01 8.868567339665547333e-01
-9.676648847584410351e-01 -8.160707834597495658e-02 -1.001033390211282459e+00 -2.599662400823671282e-01 -9.705772042066207472e-01 5.310079768312243875e-02 6.748767667064918541e-02 -8.047663418826712656e-01 -1.856315736288144613e+00 8.375067101718084439e-01
2.538506971969665127e-01 -8.740582852400425873e-01 -2.778970845938578682e-01 -1.193292402300708099e+00 9.643130443086742609e-01 2.310294630696739571e+00 -2.191539040687431605e-01 1.431016118889453459e+00 8.861946935920832491e-01 -1.323954670495727237e+00
1.267363200502319986e-01 -1.641685712164806521e-01 -7.851955818157246858e-01 3.212250319236327756e-01 5.794025947912873065e-01 1.779264763210111955e+00 -3.393573771739145095e-01 -6.889452297272287418e-02 1.910703318479934243e+00 8.709464521394624237e-01
1.956877286056363685e+00 -4.672395888009218262e-02 3.582251074664773993e-01 -1.191361392942857506e-01 6.574840696701218512e-01 2.143148472551408279e+00 -7.785455820473115018e-01 6.301471682419830245e-01 -3.493376610106976865e-01 8.395056240826528349e-01
3.858039772129690653e-02 2.232920485743839834e+00 7.256897232935899389e-01 1.096662632008681859e+00 -7.400571479734696645e-01 -2.826389246441684211e+00 -1.647110614247344340e-01 -1.170775435868352421e+00 1.377795612356938815e+00 -1.302354803372939074e+00
-4.534020094241082988e-01 -3.556251804954971285e-01 9.793739798024714283e-02 -2.085411188506696600e+00 2.001615642478685064e+00 1.584020108726565124e-02 -4.065090611064672288e+00 6.103166519566860515e-01 3.639018278923843441e-01 1.651698075726188764e+00
3.663890055917495836e+00 1.114845819681272721e+00 1.309205912335731803e+00 7.794124123857743003e-01 -2.596630124926067928e+00 -1.201788164695436123e+01 -3.026184028752473054e+00 3.581226156726865284e+00 3.236298529920666578e+00 3.157472043942162188e+00
-2.489395905906327311e+00 9.972796191804008670e-01 1.372457446810209980e+00 -7.184953310427839135e+00 2.049405061291846408e+00 1.189214025126286378e+00 1.357470943554083931e+00 1.302448935740098568e+00 1.457179157133614789e+00 -1.425516642762689523e+00
-3.350954583778222723e-02 -3.563630933852822147e-01 -9.122152458413701481e-01 -1.060638324173297287e+00 1.801359561400366571e+00 3.337450490061671937e-01 -8.719999682733486912e-01 2.297496235383481356e+00 1.136403354038942187e-01 7.411243247462717676e-01
5.607351052788097645e-01 7.350735553867936423e-01 4.273734379104983105e-01 -1.323867017384492639e+00 -2.971005104304020317e-01 5.730962922995618269e-01 -3.254340848848114032e-01 -2.099217885885274193e-01 -6.355681629343901129e-01 -3.345077138415669671e-01
5.181924550784142713e-01 2.424750826270040682e-01 7.979259684577151290e-01 9.745607550719406209e-01 9.902942640010902187e-01 -9.406319025195044592e-01 1.260317592176338208e-01 1.137970500866921419e+00 -1.521405385035932811e+00 1.619405048449938489e+00
-6.746757798711929821e-01 -8.394903679763552340e-01 -5.845395244081028618e-01 3.956009000739339754e-02 2.121326911194242104e+00 -3.799794725007770158e+00 4.154448459795236082e-02 -2.571278189731010411e+00 1.455355578609586864e+00 1.880887606775053289e+00
-1.471458541540808573e+00 -2.432566746322995244e-01 3.563352209351353106e-01 3.719777450412342090e-01 3.557873160069826013e-01 -6.550265287790070223e-01 5.526495922370412428e-01 -4.606944673819163838e-01 -3.730573914129318713e-01 -1.844012069372374496e+00
-2.630576175362756008e-01 7.489846730217524992e-03 2.783092939719010173e-01 7.003016815120156613e-01 -3.120870596483096837e-01 1.543720518798742947e-01 -8.257432668042411494e-01 1.110559314444165002e-01 9.967007997290686094e-02 2.809758960176978598e-02
4.256746364107133473e-01 -7.180991830508169915e-01 4.960536204389948689e-01 -2.894265481483326505e-02 6.777212119212012720e-01 -1.022108070717500317e+00 6.529048079130942428e-01 -3.523837905007387583e-02 -4.092249191089507021e-01 -3.483602078595083862e-01
2.471332140879093142e+00 2.001743886929733054e-02 1.338101550075053048e+00 -6.155981288632893289e+00 -6.476529698675512758e-01 -4.878372354951321377e-01 7.915262861182267851e-02 -5.543989575797143576e-01 -9.884035755494570141e-01 -2.902755981630823490e-01
5.931047855362270305e-01 -1.361932820499754060e+00 -9.924943248264413986e-01 -1.282672261884199472e+00 4.185185109622174271e-01 -1.638436661357274282e+00 -2.421041201480791105e-01 6.903541099056696995e-01 -9.787343860162260878e-01 -1.910162281504661497e+00
1.789930866577844615e+00 1.130686809748875088e-01 1.696246760576662238e+00 -1.911412824535239308e+00 3.818431070419644247e+00 5.783163596567046927e-01 -9.467074364833141686e+00 2.396601661294845975e+00 6.181084239615391995e-01 1.269096505830245913e+00
9.444682379838145181e-01 -1.777971222959436604e-01 4.793826424430682187e-01 4.795586660230902742e-01 -2.613434812618096181e-01 4.342406851821184466e-01 6.848197331171341773e-01 2.549010688975658634e-01 5.145674704239754371e-01 4.581665928377006564e-02
5.195973521779330140e-01 -5.689574184446721805e-01 4.944999578601530388e+00 -2.386074446205264987e+00 3.341937362839359160e+00 1.958356895121120766e+00 -1.454352901814718635e+01 1.366223449319227345e+00 4.489601519069534419e+00 3.322945739892417816e+00
-1.548577348636860918e-01 3.714827812460790302e-01 -1.196021605967904078e+00 -3.198061768800662674e-02 1.012377689974073736e+00 4.685883767241378478e-02 -9.711191842128500396e-01 1.095649977692644272e+00 -1.516833249090103752e+00 9.269605038436747879e-01
1.121420089723051072e+00 1.231270980267938769e-01 7.820761120612802486e-01 2.016383427727035799e-02 -1.663666741891928424e+00 -2.338299109000192832e-01 -1.451169032716325358e+00 5.274058810987113377e-01 4.150263263239938882e-01 -1.626843752769909501e-01
1.760666853701659873e+00 1.455280857845548281e+00 7.354683752868597102e-01 -1.684929086938141030e+00 1.033041028690788510e+00 7.032931521767682437e-01 -3.345720313042078731e-01 1.427832212810265511e-01 -1.209200002834875054e+00 5.488173608892517041e-01
-2.856353225577803467e-01 -4.622600929762987754e-01 9.509669199270101014e-01 2.156728644948417706e-01 7.441659693997210168e-01 -1.000860560621564810e+00 4.572850022772158574e-01 1.037210936235675174e+00 7.259842750562489622e-01 1.238577418630732341e+00
1.792689140179191565e+00 -4.040287926291716847e-01 2.268456464047877041e+00 -2.703009645376352577e+00 -4.860123251666930155e-01 1.992511630681434998e-01 1.703789444345778836e+00 -1.047989168455011111e+00 1.780513972360136643e+00 1.177655258650158743e+00
4.765157930098674610e-01 -1.401106800272654995e+00 4.797056716635258455e-01 2.088316640896939122e-02 -1.201331223235038603e+00 2.190838198168075859e-02 -1.720430720403201075e-03 2.478940707376241503e-01 1.347732922901454244e-01 1.882747994374783518e-01
3.991672121682673602e+00 -4.986674798800880271e-01 3.619731748052782194e+00 -5.661350560289192480e+00 1.587101993482934903e+00 2.945570115751444895e+00 -1.097459353042338392e+01 8.103710002329741480e-01 1.628895037685146763e+00 2.086366978769061742e+00
2.740696724365967896e+00 3.135134870340956503e+00 1.856838194013135546e+00 4.722852349989821175e-01 1.067870967860009790e+00 2.875875194758827913e+00 -1.389236535126362959e+01 2.040883474940582420e+00 1.933670542651352520e+00 3.622507638684453468e+00
1.005771437700226478e+00 -2.370955456440815290e+00 7.332572704451876255e-01 -1.436283506592551662e+00 3.473478421156486196e-01 -1.548701220058795514e+00 9.362219365438315677e-01 -7.001127884553031144e-01 9.459857639492579295e-01 9.987556904902977761e-02
2.344914218226321900e-01 2.135414757528015031e-02 -1.988999051426195264e+00 -1.004153219183797074e-01 -5.977665765425298483e-01 -5.858042263041535885e-02 -2.618725145626440987e-01 -7.711128183904808475e-01 1.044619754320656874e-01 -4.772541530076737648e-01
1.548914819192382275e+00 1.972375159464793137e+00 1.514977141476258504e+00 -4.199903156224077172e+00 3.918174650470177545e-01 1.188661095983580385e+00 -1.156906285198688877e+00 1.752411548374251504e+00 4.908944916405492132e-01 -1.109215888852446819e+00
-1.582244361167898239e+00 9.265448377944414116e-01 8.659802232533264643e-02 2.612350416715953361e-01 5.669727535017494713e-01 4.213688599123101564e-01 1.944830321278246954e-01 3.834195972812440290e-01 -2.628433203521917116e-01 1.662316107518311936e+00
7.591240926490149254e-01 3.397031389469587381e+00 3.556686965095950725e+00 -8.909081690469365933e-01 7.417541844574138121e-01 1.165998755346983495e+00 -9.779282793524206596e+00 2.572020085149996582e+00 2.515672148417315679e+00 2.853583423291313093e+00
-3.933595956546565020e-02 1.730205047642774663e-01 1.051963379837429935e+00 -9.397320486856949318e-01 1.464460344246948154e+00 6.959286650614503467e-01 -3.293001178922366101e+00 2.658840713015934165e-01 -1.200219596564076480e-01 2.162187368901460349e+00
1.879755880892962708e-02 -2.029691053194380979e-01 3.109720385787005936e-01 -6.195959009072639356e-02 4.555894381152886252e-01 1.483604546796063184e-01 6.589803573771220169e-01 -1.586416695964249501e-01 3.562119395262314248e-01 2.092972013444837631e-01
5.809514869850218588e-01 3.575294376059960366e-01 5.521007845964895910e-01 -8.583320527279810763e-01 8.439539110347981099e-01 -1.550552898063174145e-01 -3.060812839274597685e+00 1.403930515811711466e+00 1.270986627878786912e+00 -8.801138045719013592e-01
7.701507975655614846e-01 -2.035891002974090924e-01 1.880034973514812524e+00 -1.259849298277450957e+00 1.389830579200704408e+00 -1.150905277559969520e+00 -1.837430245301433507e+00 8.654882217654734644e-01 5.330016740955910715e-01 2.217550382919253327e+00
3.746569444852154152e-01 -1.095603465375128538e+00 1.175872785575076129e+00 -3.447255611368386763e+00 1.330777500569447103e+00 -5.769338049355230424e-01 1.187111716063363742e+00 1.149377635216714655e+00 3.756568796612463901e-02 6.491348233916049981e-01
-1.597486951576520653e+00 -2.084920155544152734e-02 -1.279402249728704977e+00 2.769087957566435665e-01 1.832885659160592706e-01 -1.961608889667495470e-01 -1.009505642482968896e-01 -1.003463094813673795e+00 -1.006590205412001726e+00 6.617475818367603013e-01
4.528203226217083710e+00 1.931902984920360611e+00 2.655689926013770297e+00 1.392682500948987823e+00 -8.046443609868102476e-01 -1.527860055266001282e+01 -8.193283704441778781e+00 2.649375667158252234e+00 2.821106534596325766e+00 4.832108553541228702e+00
1.836764250957599875e+00 -4.969176943552036652e-01 3.193951636198900434e+00 -1.789434727225970967e+00 2.114861836097436054e+00 -1.796560073063406593e+00 -8.823646046640558183e+00 1.445401462213412147e+00 1.240024264172335355e+00 2.387629144411785642e+00
3.106617346075419839e+00 6.530639449507765759e-01 4.335699423022876253e+00 -3.111022259109866184e+00 1.126856779196792946e+00 2.271906772868333313e+00 -1.336897903760518602e+01 -9.373932653523064928e-01 3.154198185211294803e+00 2.669172483819558295e+00
1.455763752245496478e+00 1.159908977320820656e+00 2.143781051474205945e+00 -1.720013043159427824e+00 -1.266911595726410988e+00 -4.296062090689551916e+00 -4.214011121036618235e+00 2.184763201422248655e-02 -2.787242061880891297e-01 1.490592402235868308e+00
-8.567880698234449088e-01 1.132140557591491570e+00 -1.218048767228522511e+00 -7.047624843582042109e-01 8.915941602512963415e-01 1.638656422189560091e+00 1.257604153337997799e+00 2.157147179163623640e+00 -6.758807543637483928e-01 2.575737127791099534e-01
3.652858798363661230e-01 -7.593216078562395888e-01 2.596318640125671595e-01 -1.392759366589179537e+00 4.953621138038870608e-01 1.241319822740117429e+00 6.016475223489442525e-01 6.700220182857190565e-01 1.376668496259503272e+00 8.701692540939419684e-01
2.027376428889786086e-01 -1.305835378726162510e+00 -1.357057994427439462e+00 -6.565312735320504300e-01 1.225739961690135021e-01 -3.668971656665943604e-01 -2.667568173706907908e-01 -5.386275606567380025e-01 -2.643883207977287125e-02 7.532935297598437607e-01
-8.761016544135390161e-02 -4.249468278127276899e-01 -1.842654068238654519e+00 -7.476323772005448731e-01 -4.261805835834376333e-01 2.086326298123269973e-01 -3.018073000967643749e-01 -1.156874203620178315e-01 -1.512244178352523782e+00 -1.992152976476190718e+00
7.839986283000515144e-01 7.945442647631272282e-01 9.371835001492924144e-01 -1.172827690170754611e-01 3.095233775973448842e-01 -7.386202086680305756e-01 1.896052176178672222e-01 -5.482747736021906793e-01 -9.592802720513528003e-01 3.543842243642836287e-01
5.212187516320510916e+00 1.408961156026669714e+00 3.454574177447280903e+00 1.592203039992920122e+00 -4.589238410560563808e-01 -1.348314981731368256e+01 -8.808003016090179216e+00 3.756845171749940704e+00 6.213438076336788463e+00 7.486890548953756941e+00
-5.847099935736208565e-01 1.840390172489695109e-01 -4.475937019284313700e-02 2.480333299985585105e-01 9.796648367261227841e-02 -3.245676153739015302e+00 -1.512076702992187327e+00 6.628351905149354462e-01 1.349887906140329719e+00 4.022481830830207272e+00
1.116402197971709365e+00 -2.572665102308569623e-02 -1.005651266164563573e+00 -4.059831328677605544e-01 1.041907280550490533e+00 4.812337703161939650e-01 -9.946497568864014482e-01 9.990744876226490545e-01 3.486629736979507399e-01 -6.225752755088254098e-01
6.007163483049074992e-01 -1.051783561809853440e+00 9.850609971403530007e-01 -2.120220248933315954e+00 -1.542566350582265933e-01 9.245190748365520947e-03 -1.296815970735699583e-02 -4.617972424954632782e-01 6.987401501688630390e-01 4.565594930981922706e-01
3.498386050109251189e-01 1.184808667025079032e+00 -7.783379106875636388e-01 -1.260462416786380935e+00 9.917907110135439908e-01 9.056562914834428435e-01 -7.162622448649866858e-01 -8.816870311333442622e-03 1.681950549178764298e+00 7.091181153382976055e-01
5.684768163967702792e-01 8.046780362686692945e-01 -1.448874205199289111e+00 -6.611715494370392632e-01 -2.349264792649030376e-01 -1.038136284396810938e+00 -1.652198578852068112e+00 2.106473290444034419e+00 -1.274561411454165627e-01 -4.147716100819188734e-01
-2.967247582617606461e-01 -1.157835315280786093e+00 1.490921356823546651e+00 9.915500266613104241e-01 -1.123764301080469652e+00 -1.559747871772170003e+00 6.249186662755997768e-01 1.800548346546635217e-02 -5.210801257138332199e-01 -1.341874016129883940e-01
4.393820770285876420e-02 3.332261657580087300e-01 1.744144593007334043e-01 -2.791785231158124686e-02 -1.473452050464596708e+00 -8.954784798644901400e-01 -9.174963034418089913e-01 3.900770044140925985e-01 -2.962749576054907186e-01 -3.030578381055897275e+00
2.082159440029002218e-01 -9.443430766935431153e-01 -4.540773908457794161e-01 -3.206134112934888147e+00 6.771112738321023450e-01 3.454417654256251025e-01 4.750785865949077591e-01 1.705340552375656404e+00 9.452066541623047602e-01 2.172960399458725433e+00
4.365495650630361602e-01 4.838572720561559182e-01 -6.512290034040626452e-01 -2.234152182110097584e+00 8.839529955331568711e-01 1.084111439175899916e+00 -4.353898054178878319e+00 1.693267100601267561e-01 -1.209239272769473406e-01 5.668470293243186298e-01
-1.325159671512103232e+00 -5.250181249861037708e-02 1.772790920966179351e-01 8.613721269406521275e-01 -3.738818157636767392e-01 6.680658405056866256e-01 8.045305149572018477e-01 6.017505611991746939e-01 1.817203788081118709e-01 -1.643935735288619693e+00
1.006786577118804926e+00 8.714502259901869552e-01 1.350958575152296559e+00 -2.296296895698356710e+00 4.542637790161466183e-01 8.678931207115402335e-01 -6.153913926889640784e+00 -1.932984912744400152e-01 6.714709736126548423e-01 1.081591870985867621e+00
-1.315887279160900869e+00 -1.465890471874115697e+00 4.334785487674631121e-01 -8.121207901016956887e-01 4.475008884791852326e-01 7.613792306707678481e-01 1.415432081380409712e-01 1.091048906482921854e+00 -2.393089349136279687e+00 -1.128275737127780315e-01
-1.996313187751657947e-01 -2.031934705452047019e-01 -4.593399112519029326e-01 -1.660558136403207097e-01 -4.336223459217829479e-01 -9.630339287410216720e-01 -1.383126620381550792e-02 1.757841951727416585e-02 8.270098647454466878e-01 3.656918060392431169e-01
3.941091593682437971e-02 -1.552537236996752723e+00 -6.980386658818250600e-01 7.615564833559375357e-02 2.104662018929611689e-01 1.798538935049128207e-01 -8.175324191325566980e-02 3.844674969219768479e-01 4.587568269961451312e-02 6.016067228222568009e-01
1.168338218048212473e+00 -5.367911148251011122e-01 1.124320724137211958e+00 -8.810691145750400022e-01 2.639589437952952755e-01 -4.017662118452580700e-01 -2.212272774873157655e+00 -1.534563662004901463e+00 3.521926636777471531e-01 1.341880935609699232e+00
1.691290829295043041e+00 -2.683082693656340556e+00 3.598685794660331227e-01 -1.240907790762785234e+00 -2.614473196589611748e-01 1.475773150846957593e+00 -5.951220575181283001e-01 -9.386008589734602392e-01 8.980719259305302016e-01 1.411615113093011242e+00
1.412396875780742800e+00 7.978446020307607134e-02 -1.351675868833984939e+00 1.207834646544194479e+00 4.719115898413401844e-01 -2.438998456695995187e-01 -3.017053277321790281e-02 7.821738533174857899e-01 1.200662806772331725e+00 -1.618847692959668183e-01
-9.396391034725711799e-01 -3.026942953232419353e-01 2.277255995585582227e+00 -2.387212297479952117e+00 3.577388573165517505e-01 4.974830444542386321e-01 -2.192574325328445539e+00 2.970026449094321230e-01 1.848409010793753970e-01 1.112549606978455508e+00
4.436785229650392903e-01 7.432288878298930479e-01 -3.638840771413596326e-02 -6.481887730861171093e-01 4.036098372164142467e-01 -1.096300921587174959e-01 -5.537871875173274727e-01 7.492946981666113171e-01 -1.343845471493442245e+00 5.113723915976304824e-01
-3.645165099975898881e-01 1.259051789415824629e+00 -9.022143824297425008e-01 -3.175890748205381087e-01 -2.512345755076083598e-01 4.066441956306331984e-01 1.766557265526931542e-01 4.821486608304200727e-01 -2.166307440952927044e-01 -8.627898938656264338e-01
2.275263199910973366e+00 1.778963357931232503e+00 -1.090056909187665617e-02 -1.518179308438098341e+00 1.750846147881171211e+00 -4.918393917053155012e-02 -2.927244792914539318e+00 2.423030688700691826e+00 3.418973082826447518e-01 5.224964112539666194e-01
6.679179362743135062e-01 1.083954953965216017e+00 2.028486496970803188e+00 -2.174287234038528638e+00 1.020233960371784709e+00 1.416973827036588363e+00 -1.674027227410992635e+00 2.424345845331322136e-01 -1.074049381213790788e-01 -9.562014563650977905e-02
1.283897733029445654e+00 2.584404432760404879e-01 1.387769900966144832e+00 -1.928346341434305833e+00 5.599379160550941315e-01 1.903093862490617516e+00 1.211124775617505422e+00 -2.882442061035199107e-02 1.181216953923784008e+00 1.037202304879653258e+00
1.817112799745947749e+00 1.375784892161862304e-02 5.951976378820478253e-01 -2.851574797909029346e+00 7.165455627586410081e-01 2.876083883664256602e-01 4.834560130930689592e-01 2.047402993537227545e+00 3.873798572799999618e-01 1.210962440744042246e+00
9.151034696452569062e-01 -1.842620772356375891e+00 2.091816271533453175e+00 2.089798307294017388e+00 1.489975011385662185e-01 -1.227218691267739636e+00 4.290037115634693365e-01 -1.319224266849707838e+00 -1.086262883271523094e+00 -7.869245145565145760e-01
3.847432200570442884e+00 6.703548264041894189e-01 2.643204488863583723e+00 1.539509000340096856e+00 -1.931869857106969790e-01 -1.057066410509902354e+01 -9.685473947817806462e+00 2.203300572002048874e+00 2.334239706307312368e+00 6.072932136540202919e+00
-3.126508318622905347e-01 1.317642087941704121e+00 1.232071628351298465e+00 4.968447757797108677e-01 5.771630250409085505e-01 1.120255928244741489e-01 -1.381206891829846573e+00 1.705922833706595920e+00 -3.843363398952246990e-01 1.024782743559857989e+00
5.925466897380535780e-01 1.045666545622096377e+00 1.197649010282201276e+00 7.717563134222933385e-01 1.858761908801730700e-01 1.522868737329595490e+00 8.738707800111272794e-01 -1.981508128650049327e+00 4.549413178368918453e-01 -5.117450364010425190e-01
3.905386150702627290e+00 1.142736846106079840e+00 2.617497453564276544e+00 -2.608548227890266080e+00 1.437313267869439137e+00 2.046494889968743180e+00 -1.116354105729059754e+01 1.090229768069694183e+00 2.532881598887742225e+00 3.111849707879355886e+00
-6.653894853604346016e-02 -2.464692326812297773e-01 2.346353957090218378e-01 -8.603062998509719561e-01 -3.516400030003981603e-01 -1.467744521342071007e+00 1.182134035405336903e+00 -2.724719199695915806e-01 -8.473471137610833967e-03 3.614163542648549110e-02
2.894535871384676717e+00 -1.696279338116390312e+00 2.765466390565256560e+00 -2.822300131021751035e+00 1.180095200128184585e+00 1.212426465483594562e+00 -1.008113563028767956e+01 -1.296327953286703583e+00 2.717749028762493690e+00 3.600658937144954330e-01
1.616547681802621650e+00 -5.300482810595360389e-02 -2.333701395093375375e+00 1.498295225822349863e+00 1.167411034814284099e-01 8.764939775065858640e-01 -4.392252645774112896e-01 1.866079983080110249e+00 -2.211893689819312836e-01 1.097611207787843490e+00
2.156185654261776885e-01 -5.391541275543019207e-01 1.277538720325771093e+00 -5.337377633282765821e+00 2.536744521840943456e+00 2.612603660801808836e+00 -5.812766767918844835e+00 1.669755570357613905e+00 1.144314148585276358e+00 1.026434691343852235e+00
8.520894461460688518e-01 -1.436853103672451892e+00 -1.013053999586175369e+00 6.576235856334938790e-01 -1.113473689634830066e+00 6.135592562129064120e-01 -4.304125639067804543e-01 1.616999453171864332e+00 -1.123100597360862540e+00 -1.114610565259786856e+00
1.310010101661245763e+00 -8.434894289977240556e-01 1.084812015154144327e-01 -1.324870823572534384e+00 -2.987300474272895912e-01 2.163996377907188684e+00 -2.009959622915342692e+00 1.934905191987168260e+00 1.160160533314646081e+00 -4.454427085437163980e-02
-3.459554093531753138e-01 8.177318842542856403e-02 4.138702839181035431e-01 -7.796300427505602926e+00 2.252906310379109822e+00 2.350671446887604432e+00 7.066609426625446444e-01 1.378934674658118364e+00 -1.117945588640679278e+00 1.650590625157133173e+00
6.704881579510895140e-01 1.005235625072058436e+00 -8.779243940737387897e-01 -2.939457718213701831e+00 8.494894848046338209e-01 9.307034010505659261e-01 1.402151176981845548e+00 -2.655933878346518617e-01 3.914712130602936435e-01 1.064101051955494093e+00
1.527110835857923066e+00 -2.257563158930826042e+00 1.295400651120587998e+00 -1.050442536096370949e+00 -4.727186276488408445e-02 1.024334057919177088e+00 1.124572989039167359e+00 -1.518390521757971179e+00 -1.117984099356351457e+00 -5.241927706232895057e-01
-1.289537538895177748e+00 4.270601830588856007e-01 9.037196602091768227e-01 4.922793993018914072e-01 2.354865342965223984e+00 -5.006807316441690414e-01 2.139026552099489997e+00 -1.341138344051901951e-02 -2.557280953240467780e-01 6.462022221295881108e-01
-3.660033261363443979e-01 -3.435577951099985095e-01 -3.792343768212826371e-01 -1.908443874855771272e+00 -1.024885550994801608e+00 -1.362186226542724699e+00 -1.263780633462449066e+00 3.257306599472898356e-01 5.782160813988576065e-01 1.207812746816599558e+00
1.943557829937125669e+00 -6.396568784702461041e-01 3.112638384764059851e-01 -1.659116856479738056e+00 -8.676453802274014526e-01 -3.126674135746553063e+00 -2.577778287455579687e+00 3.103251612750561605e+00 -1.310238498288352593e+00 2.567316598127454608e+00
2.471180198315872378e-01 -2.420475510530809560e-01 1.058850358070319908e+00 -1.562586965320704069e+00 -1.098702437680472821e+00 -6.221594391927597334e-01 -1.181203251926627035e-01 -4.310506702558242198e-01 -9.211732224443018868e-01 4.585689780372966262e-01
2.389866631433705813e-01 -1.237780008513026830e+00 6.344681591986470748e-01 8.863002737447985835e-01 -6.096491537368267100e-01 9.549122759901925717e-01 4.388572875703139475e-01 -1.341794882196485975e-02 -8.038705856042546172e-01 6.315369115588602700e-01
6.165406628376864928e-01 8.739371459241540574e-01 -2.570123742225656205e-01 7.357290039738324516e-01 5.418816522847774708e-01 -1.218722455725254949e+00 -3.114560707775006487e-01 -2.907530245938407254e-01 -3.540173376349247669e-01 2.174314506551162374e-01
-5.639569519472561465e-01 3.890341515733841127e-01 1.183142022073942812e+00 3.013090807536707993e-01 -3.446826085094001901e-01 7.146791789482943580e-01 7.230015347119052027e-01 -7.014594975551259326e-01 7.215436537691190255e-02 -9.519762253231471849e-01
1.261442775054434362e+00 6.641234282082825180e-01 2.477659974997223624e-01 8.219553005819101310e-01 -1.043834131358127859e+00 -7.115817350758871784e-01 1.354698600380793927e+00 -6.284595249489027813e-01 -9.682236261463814664e-01 -2.310600743042411587e+00
4.887370513723129917e-01 3.215905930565205462e-01 -5.371253555966622878e-03 -1.435729729573532953e+00 -7.053333558580718865e-01 -9.686096009215240388e-01 -1.255522685361603941e+00 1.242259372763767911e-01 5.773880889825500073e-01 -1.159744133605418392e+00
2.863723668595100635e-01 -1.584676200053759254e-01 -4.062251132911050000e-01 -8.303145448396228590e-01 7.151616471962930488e-01 -1.176560140218390726e+00 7.032145655765659198e-01 1.044358627071738377e-01 1.080297576739880638e-01 -1.426815796609885723e-02
-5.683388314988653267e-01 -1.526803584237040878e-01 -5.087511388362376402e-02 -1.129832912463593741e+00 1.685486312141956766e+00 -6.835482057191269445e-03 -4.876903614727373437e+00 1.021015608458198498e+00 -1.471025482591559408e+00 3.289586732963266646e-01
1.625227972625881812e+00 9.389064466793172192e-01 -3.275727149831958451e-02 -1.183827443645883548e+00 -3.271790388400988570e-01 2.250813763692096625e-01 -5.775031664120313657e-01 2.476286319857686213e-01 -1.318840540423250052e-01 8.602936225685822724e-02
-9.812969119583558886e-01 2.477069495807368849e-01 1.193567765122138802e+00 6.437865090003674906e-01 4.154694100127900858e-01 -8.918291435752395691e-01 2.502344324424637390e-01 1.747670496264200457e+00 -2.081499510922123264e+00 5.291524696461957084e-02
-2.084547152355486765e-01 -1.829957081770920313e+00 4.453633990255854158e-01 -3.954905663147725292e+00 2.255818738228684950e+00 1.492635657553803341e+00 1.357604820729448880e+00 1.033142575093079385e+00 1.677268950453072449e+00 2.173624508991098381e+00
3.195893600800688295e-01 3.281120343355862001e+00 1.783924957564785307e+00 -1.750996174952766715e+00 3.938708045385478362e-01 1.156686572150518622e+00 4.194848997208284191e-01 -1.297305401393614943e+00 8.127424067314598100e-01 2.788081099628577086e-01
1.642915564050484889e+00 1.085553098811435246e+00 -2.795215488676666693e-02 -1.039516604793064847e+00 -1.612034222968119268e+00 -1.453862698970928902e+00 -1.385825082867196079e+00 5.402538880805624055e-01 1.136356098786240221e+00 -9.077243593031910640e-01
5.208374651358159468e+00 8.593992835397360475e-01 4.976754736796448420e+00 -9.434487254594204897e-01 2.835157157547800288e+00 -2.160611151486753756e-01 -2.641292685315529098e+01 4.686079769375175452e+00 3.064230748612790656e+00 6.559076599950185660e+00
4.873230283345961755e-01 6.098112393640086060e-01 -1.763938273960485192e+00 1.854453040989394452e-01 4.606176034180748391e-01 1.762278721809156790e-01 4.424179001820529034e-01 -1.044427636123637759e+00 6.163800563533609056e-01 -1.992783728163150803e-01
1.376908098208786957e-01 -4.344165248427722670e-01 -6.365154428100255890e-01 -6.063531886365863821e-01 6.925691402573076472e-01 9.308770821867391465e-01 -9.711889953783514606e-01 -2.666932571735607382e-01 6.626042471262224565e-01 1.061280704098027938e-01
-3.759313108384754742e-01 1.568651655646748355e-01 -1.417035725042144756e-01 4.195031457631362426e-01 -3.783753760926857057e-02 6.573006986618680214e-01 -9.834878043099441747e-02 -1.242897079556782303e-01 3.252924724794163391e-01 -4.410650555474708301e-01
2.552778612755057797e+00 5.171246124056364524e-01 -3.336019044342180551e-01 -2.240720239369305311e+00 3.973326468705476455e-01 -1.044228384127677156e+00 -1.635455790249454644e+00 -2.530118393055589068e-02 -1.282947027159325959e+00 1.138340485303880545e+00
-8.638892206081280056e-01 -1.346077188677757830e+00 -7.088812514545522747e-01 -5.531570369616248956e-02 -1.057808188797101367e-01 -1.884833343156672725e-01 -1.172578224054488860e+00 1.938539309614365214e-01 -1.788686383328127016e+00 1.059646560988921626e-01
5.674243583076783726e-03 1.294971633208633066e-01 3.190397155062768553e-01 -1.923389701437368871e+00 -1.453658054070319672e+00 -9.981347626540187923e-01 4.553900153937798755e-03 1.028580876788341980e+00 2.130171818537092976e-01 1.856182399930504712e+00
-7.672948033728522743e-01 4.150317732568045703e-01 6.532155584496754930e-01 8.495943165368521344e-01 1.140452614610572235e+00 -5.685921585725393079e-01 1.049173452399555062e+00 5.723976954009227791e-01 1.207183473774219529e+00 1.187039950324064508e+00
4.986550793225988265e+00 2.226022665331122585e+00 1.132462254099787513e+00 2.398469947623851795e+00 -2.152189599649676932e+00 -1.682292625237797523e+01 -6.540063189573900537e+00 4.660787366446505153e+00 3.594594809582319694e+00 4.431224676972237653e+00
8.019836437196173895e-01 6.206755420525530420e-01 1.659486682132107926e+00 -2.218145612932107547e+00 -1.832380638980060983e+00 -1.701234818522002534e+00 -2.519061467746681604e+00 -7.553678129290962717e-01 2.949120064781668660e+00 7.576708086289860589e-01
-4.822169795984808660e-01 -1.142764874278707626e-01 3.580390243852843435e-01 1.302147259812751479e-01 8.430386588753744359e-01 1.250404721486637616e-01 -2.830403682593420900e-01 3.282947820582535203e-01 5.526656396564579854e-01 5.182579729504789290e-01
5.496445874292817946e-01 -1.692753635823107006e+00 4.218077158153061834e-01 -6.854325835203771700e-01 3.552196656732604096e-01 -1.583992665744538231e+00 -2.071506196234974007e-01 5.150691340233785054e-01 -8.131510135806689910e-01 3.048969641160305388e-02
5.559334117281480858e-02 -1.128826636963897873e-01 -4.790217587415107059e-01 6.953108449645272193e-01 -1.258127190594534317e-01 7.392052531316147812e-01 -3.889358262685029856e-03 -1.630433716997931715e+00 1.033463351136087033e-01 -1.353391285296267288e+00
-9.352638054174698956e-01 -7.763235254208651626e-02 3.113311549346320373e-01 -3.155059286220611436e-02 -3.141652076438330443e-01 7.312118695592554340e-01 -8.303596553190993879e-01 2.635310536436297757e-01 3.825563236186714233e-01 -1.420645602512046413e+00
3.674098182511535970e-01 -2.736159732210698414e-01 5.338644717934740713e-01 4.807078329173725684e-01 -2.735495334406957690e-01 8.820596913160366759e-01 4.677423700892214264e-01 6.607163499784955984e-01 -1.819255272272641000e-01 2.716926994495383885e-01
-6.250668425698006903e-02 -1.633991728841400204e-01 -7.582808781452633484e-01 8.704838502839536141e-02 2.467841391972293991e-02 2.203073360495073907e-01 -6.662958843045303503e-01 -3.587600003585386110e-01 -3.410434670119741329e-03 1.728445996092261017e-01
-8.886366161294402266e-01 5.256954760372052338e-01 -5.478370666121211707e-01 6.273275372057348642e-01 6.202630982866645937e-01 -1.159223530874801122e+00 -1.357775635061677422e+00 5.492689573385509672e-01 3.895693835538689438e-03 1.218170914773687892e-02
-9.786369637798718601e-01 7.753107485734501980e-02 -1.152808406233259975e-01 -1.884141883296020781e-01 -3.254186304226422410e-01 -2.987123066020974660e-04 -2.207713486706719686e-01 -7.420360167869335388e-01 1.700026884759059109e-01 -4.480548227407203932e-01
-5.756286984051010025e-01 2.782084037269827448e+00 1.219212176062684172e+00 -4.200862899488055469e+00 -6.064819708343420490e-02 -6.118103618107233466e-01 -1.836081903028205786e-01 1.817385918744266027e+00 -1.498128536609533157e+00 1.208946862555331458e+00
5.277795725636816870e-01 -1.785909768737979020e+00 2.149238273974515501e+00 -7.911191855314467780e-01 5.527828905226395140e-01 2.830330332716660124e-01 -2.448348358520661350e+00 2.202696670561585801e+00 -8.609339586126786292e-01 5.953149588242170331e-01
3.467344119268936264e+00 1.191770902375889341e+00 5.507357272972744688e+00 2.337967920058994231e+00 -3.792626540246762712e+00 -1.712896810403794490e+01 -1.115868033911578294e+01 3.178306520436248839e+00 6.981998219840137132e+00 6.557896228012253914e+00
-2.534106856225383453e+00 5.801773086179250472e-01 -1.095031193054639473e+00 7.083272050044087109e-01 -2.277729833235258461e+00 -1.321938562210066559e-01 9.772351501282992015e-01 2.297953662137655062e-01 3.080693605458140194e-02 6.554048911926665388e-01
-6.654624786230878275e-02 1.224721629952721935e+00 1.748603463935384017e+00 6.211376567857468389e-01 1.961371684101963220e-01 -4.800905859451535029e+00 -1.200573721701268415e+00 1.111708062287192877e+00 1.774888167210720180e+00 4.568209670658031740e+00
-1.037189586308349121e-01 1.380292858405558709e+00 -3.231573620763473764e-01 8.551819406529541645e-01 -1.238641021521009522e+00 1.012315394957977066e+00 9.180188038615104684e-01 -4.265960033404646579e-01 -5.874789050010177371e-01 1.203623411811582944e+00
3.157819381623434007e-01 3.820305219442132194e-01 1.167909038465782645e+00 -1.996084360435166905e-01 -2.019918143492527740e+00 1.752923882948782097e+00 3.888454965997312773e-01 1.021030124626512103e+00 1.021927651446147056e+00 1.737153366164623236e-01
1.647893748515125933e+00 1.089931349849829978e+00 2.082115019676181067e+00 -1.800704837547594250e+00 -5.162808126717294277e-01 -5.616932677021313491e-01 -3.806379189585711753e+00 -2.568531641849697844e-01 1.130324369038756327e+00 3.701978821226191152e-01
4.139958126826180695e+00 2.716436290797453079e+00 3.959210006788119962e+00 1.167215408531350418e+00 -2.632271687491196666e+00 -1.515161317176851163e+01 -1.825905781897543489e+00 1.159374721145972398e+00 3.337392298944034330e+00 2.964706139857713474e+00
-6.314840705596132253e-02 -5.072383151360063680e-01 1.906777440194759934e-02 -1.805849248928138306e-01 -2.524516153787524364e-01 -6.726049736519326139e-01 -3.669969182878077274e-01 -9.952328075723597678e-01 -3.271744903286131767e-01 -9.597864669926959857e-01
-5.392555608753039076e-01 -3.224691421261178803e-01 3.656526374484088682e-01 -2.608265209084073555e-01 -5.183370704487608727e-01 4.451565906362605074e-01 -1.645248719935002990e+00 -1.292415792666489760e-01 -1.256434060579765810e-01 -1.115991239844793120e-01
-1.432588084875474177e+00 -1.211055111796090822e+00 7.450026731326861995e-01 8.626005878013787154e-01 7.514093286449722298e-01 2.296719679789985147e+00 1.139607694578935071e+00 9.238419185781442389e-01 1.050653923159498709e-01 -1.291614768706208061e+00
2.900840500327779847e-01 8.114241191300738398e-01 4.055497039969498813e-02 5.452827810899996130e-01 6.867388022512103951e-02 -3.077664991228221125e-01 -4.227579316332122916e-01 -8.319559444875217480e-01 -2.866181814598542377e-01 4.542267340406569986e-01
1.097061120434615455e+00 -1.082318411028095451e+00 -2.890780588431129394e-01 -1.481028443333566091e+00 1.163458054180911638e+00 -1.851187747920312598e-01 -3.032443891305506511e+00 3.082126285673538954e-02 7.588591980901030487e-01 8.463759752307952189e-01
5.246493216252325897e-01 4.850750994448037590e-01 -1.375454583638049399e+00 -9.395743215810604954e-02 3.892730380230245979e-01 3.114121263501015008e-02 7.603923932504544902e-01 7.609738936560814793e-01 -1.095014895680762601e+00 -1.608721865813811935e-01
3.757209524827429675e-02 5.537803258983978738e-01 6.267470368906710165e-01 -5.270451261911839325e-01 9.274205905652040116e-02 2.184760441419876520e-01 -1.822194713621179962e-01 1.421029063722781538e-01 -3.884900936807394456e-01 -1.147584045052528312e+00
1.480688392559572630e+00 1.149723958239190269e+00 7.612882123507187515e-01 1.954445371573415302e-01 2.289685303638264169e-02 -2.015145351304250987e+00 -6.187016580270116028e-01 -6.137167731352733968e-01 2.212808394150709290e+00 6.064580062765628776e-01
3.509275112299639621e-01 1.403100917618557597e+00 -2.226638789635709603e+00 -2.838669438823468560e+00 -5.382925754641531002e-01 9.868541879603165423e-01 1.706940007203860965e+00 5.972347417520074836e-02 -1.966442488399536559e-01 -2.135044686690056592e-01
1.607856158893012033e+00 1.429945986328281238e-01 1.511025656837533759e+00 -3.937795178049813050e+00 2.344271407189051359e+00 2.553748094622763976e+00 -1.084806943551080494e+01 3.371386002610085697e+00 1.452213258954040187e+00 2.841083763567782139e+00
-2.111330297849575433e-01 3.820582762614239125e-01 -5.157080061095832280e-01 3.518558895583343005e-01 -1.298728700544486747e+00 2.443123230286959324e-01 -1.006090173720657621e-01 -3.247090490241221206e-01 2.743361048998550489e-01 -1.210677032946124498e+00
-1.776663109031781651e-01 -5.810651351545936816e-01 2.777058081837276426e-01 -5.944696357038231627e-01 2.690815305580765426e-01 -8.365808013234147245e-01 -1.134216830897511796e+00 8.531611150856693859e-01 -6.492468478874753313e-01 3.739602182603687375e-01
7.904008802420574575e-01 -3.384049954062884336e-01 6.333083597673085929e-01 4.192427969773425689e-01 6.718737245788529711e-01 6.783929203611706038e-01 4.845683673671329350e-01 2.521218029549333051e-01 1.231282992357793787e-01 1.253868976699998861e-01
-5.992888792585007035e-02 8.357154630743222068e-01 1.812345903613233333e-01 -1.751623514605213372e-01 -8.718551123345700260e-01 2.855957954912436980e-01 -9.333429156057374554e-01 -7.841000729798669466e-01 -1.397950029868734623e+00 -6.713249150195060855e-02
2.607138806983446244e+00 6.948420239067714110e-01 2.295631377272240314e-01 -1.620033307302966685e+00 -6.409177290589710418e-01 -1.124164130891803642e-01 2.120917277826795733e+00 -9.441679985637333461e-01 -2.347949487253097600e-01 4.471552797017062653e-01
8.474369858019837887e-01 9.781036094807358250e-01 3.008262377204036220e+00 -1.964192948517726300e+00 3.530105442167759566e+00 1.146821037155570489e+00 -1.531772437688968935e+01 9.427510821479878622e-01 3.504623443988226672e+00 2.559110263185674583e+00
-3.656318315910316863e-01 -1.366149076501047332e+00 -9.635241369039053705e-01 9.619600954474986088e-01 5.435493929875993002e-01 8.490779363603428997e-01 -6.848105560456280161e-01 -2.953873791162346052e+00 -8.337912427505607127e-01 -1.468889451608210051e+00
-1.188519265011279469e+00 -1.111937640248133796e+00 5.787957110276161776e-01 -7.269227842662865369e-01 1.029885258438499429e+00 6.549142937382989027e-01 4.401646737105233131e-01 -2.499552583229069092e-01 6.784416854091637195e-01 1.874403715178145358e-01
1.540833037388177618e-01 -1.541553562771355024e-01 -1.046687050280030951e+00 -2.618440727427865156e+00 2.664278508588401317e-01 1.116196948028522318e+00 1.093087044655730811e+00 -4.564405601971205928e-01 3.157550964697549700e-01 9.367396475807736600e-01
3.703612782212491461e-01 -5.210832712069740635e-01 2.426403871407790264e-02 -1.047318268211142739e-01 -2.203830006927572777e-02 1.296725936963775971e-01 1.913687417526075962e-01 3.466117938331617077e-02 -2.364890794126034146e-01 -4.986784823689018042e-02
7.660298084116170525e-01 1.121433238088987316e+00 -1.314656124154393257e+00 -5.784624830254275096e+00 4.050049020448674986e-01 7.698908069488331896e-02 7.775410889963622063e-01 3.091697239390003737e+00 -1.706719134574959051e+00 3.022095047779704391e+00
7.084170046629254536e-01 -2.681111704688236563e-01 4.984269916393567756e-01 -2.356160302468853551e+00 -2.474903683241179986e-01 3.257602554045027632e-01 -6.328552540677288896e+00 5.105132095174765711e-02 -3.443811257869919817e-01 1.515626837316266795e-02
6.145496455268925073e-01 -1.713712606294137242e+00 -6.966094207786847070e-01 -1.251201041078399134e+00 -6.275588882999721951e-01 -3.592018528774391761e+00 -4.348947283404280384e+00 3.545941181247642682e+00 -7.831255309023932298e-01 2.099478809084866615e+00
-2.625212841898132976e-01 9.962644578723283129e-01 7.780463619344920589e-01 -1.095604879508580431e+00 2.121291107172094612e-02 -3.146919708170073271e+00 -1.969465241387007293e+00 1.458136516817550410e+00 -7.116650040463463611e-01 6.791523892268622742e-01
8.341504579317902124e-01 2.601154201867243998e-01 -9.297922464975066914e-01 8.142998595923437444e-01 5.764423122635682351e-01 -1.020230559413487947e+00 -2.458777814139296858e+00 -4.288750941119149895e-01 -1.542148670151562095e+00 4.267515282378458452e-01
9.101621748839029413e-01 4.755207348837696912e+00 -2.273926295486199123e-02 -3.625151047567525264e+00 4.910073276540173337e-01 2.727403074270715044e-01 -1.292975561970891363e+00 -1.417915433051017693e-01 1.527310095399753598e+00 2.791441607603860398e+00
-1.302866397552379318e+00 1.220705576976424789e+00 4.881557437119800613e-01 -3.208986050415613800e+00 6.936152160833802816e-01 3.925781923078191377e-02 -1.527976321588697894e+00 -4.629927290882404622e-01 3.770698467356726757e-01 -6.446899959935714630e-01
3.033498018189452861e+00 2.179069222904051362e+00 3.524365114617077133e+00 2.249435769427709619e+00 5.135446820000983958e-01 -1.319359067999394419e+01 -5.372510263966479016e+00 8.485544406687645091e-01 3.561745467575885282e+00 4.719432395554630233e+00
1.522844467065051777e-01 8.206958043889873711e-01 1.578459679031564367e+00 -3.846621349832790582e-01 -2.409830719940615484e-01 -1.390755144753720973e+00 -2.421595260111834680e+00 6.420308577435834829e-01 2.675532171751976995e-01 1.026363927068003168e+00
1.721066551659181876e+00 -2.715461871176584954e-02 2.902036249995516126e+00 -2.003335488527714148e+00 2.696966981016524656e+00 -1.155629649691679806e+00 -3.364191272913895414e+00 -2.727291353365858484e+00 -1.532995412207148467e-02 1.345599225242803121e-01
