-4.896064876842751712e-01 -1.451870957274713492e-01 -4.756503841772038998e-01 -6.272284759778803398e-01 -1.232525000836564022e+00 -5.696370749438101067e-01 -5.204652517796700684e-01 7.793649014839147959e-01 -8.884228212979210226e-02 -3.222403356660886176e-01
-2.346087288692847161e-01 1.073686978122937674e+00 3.784466882375321362e-01 3.374268820897747267e-01 -7.130377843978829011e-01 -4.204750104354683105e-01 -1.840386338256121135e-01 2.071730232724232401e+00 -6.813750185795540704e-01 1.380319451612879833e+00
-2.269210148218488321e+00 -1.493912608967229438e-01 -7.253684151093375831e-02 4.582742315999617788e-01 -6.671905664130131086e-01 1.110109434719488419e+00 -1.980777984316635654e-01 -1.974568533046984209e-01 2.903370166704364319e-01 -3.351607821270257692e-01
-3.055418713213202131e-01 7.974142845171092731e-01 4.354532953303119069e-01 -9.227168212940387582e-01 1.558774364514877497e+00 -6.694279274101229138e-01 -1.680903692697842899e+00 -1.244147559823979288e+00 1.547966664820908722e+00 -6.520530480017577846e-01
-1.274693071568751890e+00 2.071102371488295013e+00 -3.562130087865432448e-02 -7.394291470479666395e-02 2.121506113459352250e+00 -9.717024813555917850e-01 -1.854167178435472740e+00 -5.550605705548149471e-01 -1.698294329317792395e-01 1.152464195495777499e+00
5.141888556902169949e-01 -1.282534262568075345e+00 -8.417272554646757499e-01 -6.316564052889888092e-01 -1.407647085971220458e+00 2.505052930897533892e-01 5.473113868761562140e-01 -4.860517186932232225e-01 -1.182969578310372194e+00 1.530167814013724037e+00
-1.025483639656545209e+00 1.151588249644115880e+00 9.957941955076944351e-01 2.053248479912839208e-01 1.090798001260099737e+00 -1.244549843321455240e-01 3.341737467567575393e-01 -1.931233894480832936e+00 -2.105343427452102956e-01 5.020522860181226427e-02
1.265976123057569180e-01 9.411342636553535201e-02 1.325663405120093286e+00 -1.795543053274745393e+00 -4.410172379466902881e-01 -3.884449415491190161e-01 4.996124459041826893e-01 -1.569560615494822731e+00 7.546087383662679615e-01 -5.332940134367164520e-01
-4.110863961179412884e-01 -4.118587976674258910e-01 -1.246683244457728934e+00 3.048360966986813914e-01 -9.333627278754453860e-01 6.644246536987600260e-01 -1.449916459839539540e+00 -1.030492114222180344e+00 2.607542241983994979e-01 -1.766236918623771857e+00
-4.371849621374077066e-01 6.671614162169223761e-01 9.771019324922962657e-01 1.263873553920284554e+00 4.131352994667301104e-01 -1.987531828839573800e-01 2.499981597794141419e-01 -1.435126071766115841e+00 -3.299850906799833838e-01 2.587193044011797949e-01
7.072521214223931318e-02 1.707620701268175889e+00 -1.722833409030334051e-01 -4.236745514140543567e-01 -1.954335427238296785e-01 -5.366269724884199510e-01 -1.154950523182476513e-01 3.914290198133667520e-01 3.551344121935607889e-01 8.892857941687637435e-01
4.097007993330784026e-01 3.627630520885006815e-01 7.283696158052020697e-02 8.373696572986986109e-01 -4.406693270966573900e-02 -1.370065549903113800e+00 3.405425385819202400e-02 1.196828000981055018e+00 -1.131967470613182147e+00 -2.970228118210777590e-01
-8.123673571764349066e-02 1.600839058440873597e+00 1.642165625500155324e+00 -4.553173502738946943e-01 -2.354705905819408085e-01 -1.165203858101517165e+00 1.085574947617443282e-02 -4.407277247641008255e-01 1.095752265592313673e-01 -1.323089873735472821e+00
1.207402532242935589e+00 -2.566596923332701508e+00 -8.663113468067046297e-01 -7.684072180657899320e-01 3.799718665763621717e-01 -7.496891770438483815e-02 -8.429623523026777976e-01 1.243620148481049181e+00 -1.705548966468580785e-01 -9.768795217355512317e-02
-6.729674608138929148e-01 1.652873198779200581e-01 -5.751776368437011566e-01 9.918988634949987837e-01 -3.026644785245437286e-02 4.173731873385655433e-01 -3.496813206655977058e-01 7.368438295863730669e-01 -4.868708720470069640e-01 7.907180260961439444e-01
6.226216733395459335e-02 -1.105553598693720607e+00 8.309440912127644685e-01 1.377509347897604597e+00 1.857427179746604429e+00 -3.994752317609984171e-01 -6.016575885474186036e-02 1.748015357084387711e+00 3.822666133249127962e-01 3.852775734151017151e-01
-1.048302214453812553e+00 9.316060431539556763e-01 3.868622933487653182e-01 -4.842900996345844700e-01 -4.533710311206708837e-02 7.570502866971999811e-01 -3.998345268800679309e-01 3.178236316840273301e-01 3.234995518489710564e-01 5.160043201686800307e-01
9.833352681945042861e-02 2.315979203276312959e-01 -8.881077270042335714e-01 -7.559992517889988495e-01 6.463546738123318036e-01 5.066415793046062932e-01 -6.112169009104249096e-01 5.527957566021312052e-01 4.179748474738103625e-01 -2.102929694572593933e-01
-2.355085933126251918e-01 -8.240053412804771993e-01 -6.487547319913158361e-01 -1.801129070431564783e+00 -4.875363018259900039e-01 3.621321788841206368e-01 1.289234117127735502e-01 -1.623720193202558004e-01 -5.658887713436302480e-01 -9.884681879130269300e-01
1.080997693058067671e-01 -1.607216563772002393e+00 1.604548374726303683e-01 5.556731521089212089e-01 -4.161615783736333229e-02 -5.715932170171259541e-01 -3.604975144411554644e-01 6.671185764036032806e-01 -1.622458599423871162e+00 -8.161348227042490855e-01
1.951713755914130655e-01 -7.339804680670535264e-01 -1.121839363819391533e+00 2.081951285876204594e-01 9.800334069433400686e-01 -8.793649727744558275e-02 3.252291805567676386e-01 5.383175215935732671e-01 -1.907961085074559304e-01 4.582710889554344469e-01
6.929328004238579641e-01 6.469043011206230265e-01 7.072078604067235652e-01 1.463239915760195853e+00 -4.010898731588124488e-01 3.391124781405100985e-01 8.838580642020892331e-01 8.666987601186537660e-01 -1.748823971430711000e+00 -7.958220494676310208e-01
8.252883220999174263e-01 1.154983527617887251e+00 7.981587867175520268e-01 1.422769617813943732e+00 -9.390302104328177579e-01 -6.108540072220681738e-01 1.865664139478464545e-01 2.992531197306649848e-01 -4.019154523241276755e-01 -7.721662930930747182e-01
-2.700033057353259935e-01 -3.666469657723717135e-01 7.591964553091474777e-01 8.250777698255088444e-01 -1.779498270659478409e+00 2.938461267447161629e-01 -3.005445099663770492e-01 -1.167668411195904810e+00 -1.660479637027460598e+00 -8.305291690557751183e-01
-1.344454902824256282e+00 4.446841918862324272e-01 -4.478261255538753538e-01 -8.521624325762795493e-01 -3.292118730977363072e-01 -6.770752891743641033e-01 -4.014516475723965416e-01 -1.250772372935010868e+00 -3.808671059738406028e-01 -2.630097836268859290e-01
-2.537751835092943442e-01 -7.434694808534438870e-01 1.405574141861652082e+00 9.058153319488757571e-01 -4.107454929560950818e-01 -5.116509483066405961e-01 2.056770949543762939e+00 3.266927299644319382e-01 7.570038370941599704e-01 -4.798069609037838301e-01
-2.873908026582958075e-01 9.247802083147448338e-01 -1.269426063604781572e-02 8.868815311453331907e-01 -1.210755556478745998e+00 1.104760236119325834e+00 2.070249461822922132e+00 2.293176185244261700e-01 -8.182611160356603186e-01 -2.553585144933793183e-01
-2.249597927223775662e-01 1.305528693553465347e+00 2.020393922643790585e+00 -1.189780395864117324e+00 -5.212515452419771433e-01 -6.141948804447563415e-01 -4.462173677737366617e-01 7.700278555836262417e-02 -4.803112978097410224e-01 2.973516321557356790e-01
1.045005506072554713e+00 -6.808953691033008404e-01 8.617670537141500775e-01 -1.456475118347067867e-03 -4.610750467535348340e-01 -8.081110374055744394e-01 -6.121179305132686682e-02 -7.043859530188758544e-01 1.171035466172782202e+00 -9.706219688262182066e-01
-5.718297819367133827e-02 -4.437014706632012029e-01 -1.211655461511021104e+00 -9.857843682610606395e-01 1.276654557337431051e-01 6.958630840598425960e-02 -1.052431106407870076e-01 9.789753486939611893e-01 5.163044439855861700e-01 1.185246519355755535e+00
1.581879518935817241e+00 4.780221631231200141e-01 5.160461209413140793e-01 8.222547216638862455e-01 5.241903821083858661e-01 -1.603334192307761807e-01 -8.667572640878821177e-01 6.678777830594524734e-02 4.682808888550019089e-01 -8.171197925474796842e-01
1.002916449211102012e+00 1.719386845656474483e+00 -1.546929978765470892e+00 -1.705252380118563948e+00 2.284555134920672748e-01 2.996145924905296298e-01 1.130583260182448369e+00 1.051867868819688079e+00 1.090794237919778809e+00 -3.662562063234068299e-01
1.748065808946467792e+00 -3.621286881026503091e-01 -1.110775166291885663e+00 1.188632804203056725e+00 -4.178693247934135990e-01 1.412613513076797389e+00 5.119302794356851427e-01 1.361162030561238190e+00 -2.765185248375547911e-01 1.525393273641083347e+00
5.506007595653628073e-01 -1.225416152434090772e-01 -5.170702236013297037e-01 -1.349365129391131068e+00 -7.793871785218527970e-01 6.268088587674275347e-01 -2.001885335326605286e+00 3.945558856094314034e-05 9.628048894865742779e-02 1.204195353389494683e+00
-2.352060118291639801e-01 1.454696757826123843e-01 -2.830669182674220297e-01 -8.846188258171896468e-01 -1.443085180874748685e+00 1.547142016721301389e-02 -9.812120532012152951e-01 8.609486510874260201e-01 -5.416597167509163979e-01 2.473626678230695652e-01
-6.595779809777536640e-01 -1.457813219368661262e+00 -1.080808035916370535e+00 -1.197277876742515179e+00 1.514040539918742878e+00 9.532020204369511251e-01 1.902498931373579061e-01 1.613466037152984978e+00 -2.645534884511514528e-01 6.240286715052004163e-02
-1.707145477205544160e-01 -1.790770704917849843e+00 4.577634507293525945e-01 1.161281528245047961e-01 -7.908464561952625038e-01 -1.364375361748692006e+00 7.709924120292731553e-01 6.209776630039798295e-01 -9.748313103237069566e-01 -2.955981590036442230e-01
4.776155423979092651e-01 3.232971793124409521e-01 -5.884220017326559082e-01 4.620231336223156182e-01 -4.956391634949892100e-01 1.521786863109862720e-01 -2.988841935678153150e-01 -1.067542292745284227e+00 4.296840224289785182e-01 -4.958283520292965374e-01
-4.671729775499082193e-01 7.967929171457990289e-01 2.062585285985454042e-01 2.003117061590207193e+00 -1.007720257313526879e+00 2.597317348816564064e-01 4.220188470626429905e-02 -8.620083196336489895e-01 3.269724654470465008e-01 -1.688413605313518584e+00
1.177076602948849082e+00 1.982727940295913038e-01 1.413185991761717109e+00 1.029995584205315451e+00 7.440666049944364424e-01 -9.353053599523550865e-01 -4.587589061490138787e-01 1.263063821473500603e+00 1.411561534502441706e+00 3.212224535761450950e-01
5.957024308829877990e-01 -7.059865727077813125e-01 -1.131536015297541636e-01 7.494758643733001602e-01 1.326187508349299549e+00 9.648312365048048456e-01 4.505094951409121529e-01 -1.554870449518936659e-01 -8.392853747272353004e-01 7.167816722077134939e-01
-1.287782518377638574e+00 1.107481574162576088e+00 -1.611626703288979723e-01 -3.552520720125870723e-02 -1.351134940554945763e+00 -1.460324273948613971e+00 -5.949605294857361892e-01 1.355022307875352494e+00 -9.987552729737747548e-02 -6.512960794704637513e-01
-1.777009987379552514e-01 -1.124505261367604758e+00 -5.612696351867890732e-01 -9.421167688363771830e-01 -4.217197348984630390e-01 -5.768375037234346747e-01 4.353718975288947690e-01 -3.502990303146532591e-01 -1.668654952846903294e-01 -2.719125915915339697e-01
-9.123736923923885245e-01 1.733188532327543330e+00 1.099170975823291763e-01 -1.503355817947685524e-01 1.615768241943313921e-01 9.705470879954783969e-01 -1.333537184001381271e-01 4.174479802383397331e-01 -2.142554926902330292e-01 7.497039362357693637e-01
1.827833545743969557e-01 1.458302506576965696e+00 3.757801666885868253e-01 2.148491648722820280e+00 6.511701141899689516e-01 1.239144688026761365e+00 -7.038690241181181362e-01 -1.173663536719427025e+00 3.254070329350511326e-01 -2.504214104921299033e-01
-7.183607887367474687e-01 7.535132363488876717e-01 -2.048736738306940891e-02 -5.867427984465238833e-01 6.906884326041534683e-01 -3.627176426393523001e-01 -6.925367471453541812e-01 1.050517170556825725e-01 -2.164118892014059159e-01 -1.239387276061966636e+00
-5.053689135752763573e-01 -1.776668206399303548e-02 8.947883614443850053e-01 -3.535874367267307639e-01 -9.539563068319220074e-01 7.011294894910967690e-01 -1.542001217163836979e-01 -6.306959439223756014e-01 -1.166906859689699427e+00 3.971576145900776456e-01
4.957331631940387062e-01 -8.011521109928396722e-01 5.540070086710471298e-01 4.844776026797641966e-01 1.182132780755827284e+00 8.536348842191832098e-01 -2.069157729198561058e-01 9.201629806183169169e-01 -1.554627080595147648e+00 9.603638389353860161e-01
-7.037666423830208906e-01 -2.803821438943914224e-01 -5.552268906810859939e-01 1.191142413244543619e+00 2.389806605001021378e+00 6.884817335272843675e-01 4.059607247568960964e-01 1.362831422155962091e+00 -1.638413732506542431e+00 3.311727643863869308e-01
-1.540265112286677507e+00 2.452099853763954340e-01 -5.698906579240341497e-01 1.484743917469215357e-01 -6.883734054416911219e-01 -6.132191340341249797e-01 -4.074738707555621287e-01 -8.522221645080375607e-01 1.886679152351174782e+00 -1.091624445766399498e+00
-1.267078712635675730e+00 -2.184171706362563192e+00 -3.269297274440930989e-01 4.943585851386589902e-01 -5.650268130760243146e-01 -1.643687369620913330e+00 7.961242319701099523e-01 9.486235767478629066e-01 -1.173523772721910774e+00 -9.161159266847443972e-01
-1.109852324846329230e+00 8.088308920560259851e-01 4.075750969478253993e-01 9.101359448143864217e-01 -3.735221699558228248e-01 -2.167368417225696009e-01 6.473015827346678686e-02 3.436799158790241893e-01 -7.966356815668435010e-01 -1.182324462810467186e-01
-6.577134459521674081e-01 7.870039611135983826e-01 -1.087984366988638207e+00 -4.026444618523073588e-03 1.058911540533963080e+00 -4.788165822036890562e-01 6.234636650929914481e-01 8.674799562277739629e-01 -1.151555536948132563e-01 1.052133319975921411e-01
-1.342775349584739708e-01 -1.695818962501866256e+00 -2.609931506177184390e-01 -1.546826842162456028e+00 -7.009524196684936703e-02 -9.245423950642356337e-01 -1.654494935787003684e-01 -1.924072752814206533e-01 1.131192996552848884e+00 2.162397208177312180e+00
1.917632139210022901e-01 9.486176697007555614e-01 9.228593366396622422e-01 1.597436637443611529e+00 -1.679952513768061317e+00 -3.197660121677725360e-03 5.153415716850068273e-01 -2.776632420420642733e-01 1.002661979759779332e+00 -1.696354905933527280e-01
-1.219415525026458669e+00 1.690493466078948348e+00 1.826238617255319385e-01 -1.176661385912939117e+00 1.832485651777235214e+00 5.899915791066703274e-01 1.173897752861215116e+00 1.944421237524381618e-01 4.692143269621172896e-01 1.762021678563515437e+00
-3.655239106056126785e-01 -1.236940781945577550e+00 -2.734856081621690471e-01 -5.103842691096275308e-01 5.303307567421681190e-01 -3.848772851724981958e-01 -6.765333800276429610e-01 -2.125934580363815496e-01 -1.037156040591849238e-01 6.024462009480383573e-01
4.108668713365635772e-01 1.198450380725679221e+00 8.793665388798238558e-01 -7.658588082257384855e-01 -7.635104561709527005e-01 -1.923372993828313671e-01 -5.658641795941944386e-01 1.706464298022460427e-03 -2.661187041551635879e-01 -7.304116060325629434e-01
-2.980815071099244484e+00 -3.238334051448817363e-01 -8.506581106077302223e-01 3.368703462400862159e-01 -1.800826005714504685e+00 7.706243811499376983e-01 -8.355436749951561382e-01 3.182107878961429326e-01 6.105756076426728240e-01 -1.506686490921147925e+00
-1.245216101423527177e-01 -1.367034632539444461e+00 4.985446709446160196e-01 -6.557909714971004167e-01 1.843159156978271929e+00 -3.846570139920421072e-01 7.908853391234276220e-01 -9.159192935348020592e-01 -3.229257741430446166e-02 -7.837849095074500561e-01
-1.430529028464120056e-01 3.872558404008378252e-01 -5.640986383296217044e-01 -4.774225226827503721e-01 -2.134892823619977953e-01 -1.184554834976062399e+00 -2.083287145560969444e-01 3.164786867121574532e-01 8.208208033849784258e-01 1.531713519710496074e+00
-9.954590263252607873e-02 -2.274994832048667703e+00 -7.148423420117935335e-03 -8.673637703864166548e-01 5.928184331633555848e-01 2.833537337390970579e-01 6.237004784631369203e-01 -6.118854631764963914e-01 7.735225714941299513e-01 4.049905387643599197e-01
2.000412704022257182e-01 -1.431290013853646903e-01 3.070258684032748930e-01 1.315187063546747082e+00 6.088801384461284272e-02 1.400201748265262003e+00 -6.449437716228585415e-01 6.824182872441627579e-01 1.478926487312909988e+00 8.902591606336146546e-01
-5.027582298726839261e-01 -1.573813938976300841e+00 -4.737833710662240350e-01 8.532346704500880508e-01 9.909841957919476307e-01 1.504099826136397755e-01 1.052646636787844869e+00 7.421761896544583070e-01 -1.336595086318102643e+00 -4.793737535540261614e-03
1.544330926045956787e+00 1.230540235729488119e+00 5.136249961183458890e-02 4.645613401059305869e-01 -8.953592500555452860e-01 7.410963948800033396e-01 -5.241341000873984690e-01 -4.834525987164763894e-01 -7.293576237049352595e-02 4.644502568229225137e-01
-2.050393187455270105e+00 3.091752741941775073e-01 7.871723933875127699e-01 7.072654125616967269e-02 -2.369429434334553372e-02 -8.670347335557251345e-01 -6.426745846573594934e-01 -1.680015882715215181e+00 -7.484350264606552672e-02 1.161902574782422565e-01
1.894151658623254297e-01 6.036338048103363496e-01 -5.797730395192036701e-01 -1.644639312449377722e-01 -5.721603434043177616e-01 5.093565245999919222e-01 -3.079500961426808736e-01 -2.889069958505022795e-01 -4.770158098278893810e-01 1.651350694547377929e+00
-1.121011749397782475e+00 -4.396082977587369434e-01 5.323959381159025783e-01 -6.231792329149365983e-01 1.024894087009007748e+00 -1.539187471820586017e+00 8.094187882931029865e-01 -1.099002017806165910e+00 2.540396780018220335e-01 1.472451936806665751e-01
1.086868835921441373e-01 2.717012654725902143e-01 6.705749145427758462e-01 1.953102533208827263e-01 -5.236518565019735449e-01 -1.329255780169654289e+00 -1.621640214488042631e-01 4.627381343113933232e-01 -4.814534671556520706e-01 6.289006443612010777e-01
-1.812371174331227908e-01 3.265470666564709856e-01 -4.071417071423323875e-01 -1.040235301735170648e+00 -7.140489096287596649e-01 1.576642461110927318e+00 3.266839997630122117e-02 -9.475062739610933260e-01 3.516968079153431903e-01 -7.471412622855118091e-01
1.965493517362009612e+00 -6.850514878095507187e-01 1.298586187841685793e-03 8.923028064330066345e-01 -1.192824464075871865e-01 2.244153418903996222e+00 -2.636406240890194486e-01 -3.970897589272432415e-01 1.780170218401799787e+00 -5.293870268689357950e-01
6.262696162046250681e-01 7.911567932939134185e-01 -7.553399615453199045e-02 1.413827014336529686e+00 -5.882387763310299444e-01 9.011584659841915812e-01 -7.753077040320109636e-02 9.574117710693588190e-01 5.642367298586908886e-01 -2.366814734917944418e-01
-5.753082932252963078e-01 -1.966112373022439463e+00 4.423433465121657387e-02 -1.496261160925275169e+00 5.068027059323600980e-01 1.330584620845155497e-01 4.955801272630634413e-01 -1.305106129720779107e+00 -5.882596616964705927e-01 -8.300852022965135024e-01
5.878462999914609542e-03 1.121064128836028573e+00 1.286931910803996271e+00 -1.663647050949161044e-01 2.641362957091810681e-01 7.900483230989727712e-01 1.616489966220431729e+00 -2.446316582910069981e-01 -1.910968170850642633e-01 -3.624363023935583406e-01
-6.464989747694800393e-01 -1.378722551809338226e+00 4.379959428509428987e-01 3.457096397150381528e-01 4.166900905426077495e-01 1.068400228184943623e+00 -8.515549363889943768e-01 1.492027955352525970e+00 -4.285210038625196227e-01 1.983220950995653320e-01
-6.297405254650823014e-01 -5.847924879190198322e-01 -3.149094284648320530e-01 -2.362629042729539608e-01 -5.198999653183672409e-01 -2.427628758589357727e-01 2.224418693293707949e-01 2.738163835660050727e-01 1.693017992842549946e+00 -3.544880923383436633e-01
1.826288529571634123e-01 -8.048846427021325578e-01 -1.783740155139281192e-01 1.074298645189710522e+00 3.954620847299606945e-01 8.073798318597293910e-01 3.711093882014226963e-01 1.740253557070178703e+00 4.244134875964689080e-01 -1.351977161290488505e-01
-1.251349559830101876e+00 1.148997353785667780e-01 -2.310251425976801887e+00 3.644500082335202507e-01 -3.133483561471854251e-01 1.823121114667987652e-01 -1.322986975883665872e+00 -7.376705140157899798e-01 -4.521618333022391911e-01 -5.838849475664605881e-01
-4.411090485852681709e-01 -1.176658389084493939e+00 -1.354305104498295220e+00 -1.516947995042684072e+00 2.187959763019247661e-01 9.670936910306307532e-03 5.871073952728589340e-01 -1.101543916705445492e+00 -9.506423996857445990e-01 -4.483516494612904135e-01
-4.865685708353936767e-01 -3.827434251197741055e-01 1.306847749420614324e+00 -1.076831248803089558e+00 2.458081454444611957e-02 -6.951338909519905185e-01 -7.310415378140571185e-01 8.096629025432523497e-01 -9.755557227179788571e-01 -1.247370936751545534e+00
-4.749642547095782041e-01 -1.033120775236238575e+00 -9.496828701258266392e-01 1.019236944739107420e+00 -5.672460651501881612e-01 2.724719467093758563e-01 -1.129416677048972195e+00 -5.434193000898833448e-02 -1.395791992686840899e-01 1.352536581448787523e+00
1.261682334430296905e-02 1.084117515705819608e-02 8.379504212897433968e-01 -4.700144750674519201e-01 -2.957340689727241401e-01 -2.323542382357143554e-01 3.423052135195425172e-01 -1.280741004930082694e+00 -7.471086209917444931e-02 2.231424619142272636e-01
1.381807932121620341e+00 -9.158702864259476994e-01 -1.279125315001395702e+00 -1.824965627482578290e+00 9.105021582449525364e-02 9.726263671481653050e-01 7.322327278223536018e-01 -1.526726623357751722e-01 -2.935924323259675894e+00 2.285061946181612957e-01
-9.538910588089198894e-01 -1.015204754396237918e+00 4.655131422135226349e-01 1.209953191163774255e-01 -3.861023995157786270e-01 -3.429592680588837150e-01 1.158830837925750312e-01 1.617010850516828746e-01 8.233635653630486662e-01 -2.619970132600957236e+00
-6.389180783021083387e-01 1.556202935956106703e+00 1.245878613161304216e+00 -5.991212633476546978e-01 -8.404127000405502146e-02 1.344587454405763660e+00 -1.194063551527048572e+00 1.236372656432930484e+00 8.411028014195351954e-01 7.333379933982731025e-01
1.584558802602575422e+00 5.030938236873530034e-01 5.700243530091736455e-01 -1.984386302337783903e-01 -9.938486062790303777e-01 1.436847287859225109e+00 1.270886027120437856e+00 -1.030438040918553622e+00 3.855933290173971240e-01 -1.674360034100402517e-01
-3.009400465165863459e-01 5.284073539216972426e-01 8.126861906296193316e-01 -7.830022804975285133e-01 6.926924195067378776e-01 -1.471346606596445061e-01 8.703111836690101688e-01 -6.066800478953193743e-01 -2.635840780378276293e-01 4.275806549924873190e-01
2.215754173208747957e-01 -4.970119863266055787e-02 -1.062170569371785556e+00 -3.960110515161248124e-01 -1.401293656541588439e-01 5.505866163550406922e-01 4.280880993177870741e-01 -1.377313033401151632e+00 -1.373966441781296455e+00 -4.510322836849814943e-01
-6.504359732547790873e-01 -3.182101853660578294e-01 -7.162217654625123719e-01 -3.531651114089919274e-01 5.172381149046926252e-01 7.086334838273973258e-01 -8.006054466083294130e-02 -9.543200345235479387e-02 1.150406578765248655e+00 5.191842067286089879e-01
-7.724617820055368345e-01 9.221556236654062655e-01 -2.023700337253510284e+00 -1.237699337190751647e+00 2.311582060163517097e-02 -1.095530018262536487e+00 -6.474142466543697516e-01 4.679701795836193473e-03 -6.750578780233243981e-01 -9.838813840132469846e-01
1.009265615173100469e-02 -7.091789972124202812e-01 -6.193283530609137999e-02 1.556150319772748647e+00 -1.748550884400829952e+00 -3.298646687401648459e-01 -2.775930062742918203e+00 4.390713628262622042e-02 -1.085835573026242784e+00 -9.596343484564278103e-01
1.900013879564695030e+00 -1.839168425884454061e+00 6.479378123852148619e-01 5.698004920080390612e-01 -1.867134234226509176e-04 -1.623531855137487767e-01 3.311819463830796839e-01 -6.877059732937228498e-01 -6.719643458232531508e-01 5.676059256982984857e-01
1.994296438077610034e+00 4.211446574342110893e-01 -1.180300297100218998e+00 9.068587967439371011e-01 5.075016006063833851e-01 2.314694127186341654e-01 3.620499930100839481e-01 2.324525031339070569e-01 -9.746861939986258827e-01 3.260352296769250535e-01
3.011742433165058297e-01 9.745734205268854478e-01 -6.390646797053759487e-01 -1.137905447838987588e-01 4.209196934731977979e-01 -3.309598126161344966e-01 5.437516127444979031e-01 -1.496785627932277096e+00 -4.674697967721624936e-01 -7.603718184743332165e-01
2.005771526870447019e+00 -5.323422381416051952e-01 7.610586491745531534e-02 -7.361094867032024203e-01 -1.183714465172374330e+00 1.116815375337768756e+00 -1.430350515349617102e-01 8.547133659191075150e-03 -1.355889032458632570e-01 -1.250498890167714539e+00
1.046635589072369837e-01 -8.117845611952860807e-01 8.983311957676410886e-01 -6.250013614284449792e-01 6.447901330426078492e-02 -1.540143003286092327e+00 9.326225784733709334e-01 9.289760700137117411e-01 -1.680753677512871969e+00 -7.494733321005193627e-01
-1.698175454612528723e+00 -7.823055110594339112e-01 -4.800737117708840929e-01 3.542325713444012536e-02 4.419822065576494707e-01 9.117585672858266044e-01 -1.196861745404629973e+00 -1.228852028522535944e+00 -2.330806851838415975e-02 -9.751535770390959423e-02
-1.122737598080238569e-01 -5.498988947809108074e-01 -8.632814187961767027e-01 8.729424916325816408e-01 -2.445105237284952993e-02 3.472824156494870862e-01 -3.693022396984255162e-01 -6.844779874881799786e-02 5.336752954857396786e-02 2.415839176255671072e-01
4.996707064274930055e-01 7.834929230348558482e-01 -1.445866548881875879e-01 1.386173152818223064e+00 -7.862316197485569313e-01 6.023446882922293133e-01 3.273416593359054216e-01 2.392921233328039465e-02 -4.146984684669016152e-01 -1.866973342979870276e+00
-7.846391134599834949e-01 -9.420750628874183796e-01 -3.832877912956359490e-01 1.130835253527280537e+00 8.663548874605691008e-01 -3.364236442516721493e-02 1.197736928497409092e+00 1.347844632424477274e+00 -3.152818271372594960e-01 6.682558216569849385e-01
